================================= ///////////////////START//////////////// =========================================
======================================Simulating data...
> Creating model
> Generating data
[0, 1, 2, 3, 4, 5, 6, 7, 8, 9, 10, 11, 12, 13, 14, 15, 16, 17, 18, 19, 20, 21, 22, 23, 24, 25, 26, 27, 28, 29, 30, 31, 32, 33, 34, 35, 36, 37, 38, 39, 40, 41, 42, 43, 44, 45, 46, 47, 48, 49, 50, 51, 52, 53, 54, 55, 56, 57, 58, 59, 60, 61, 62, 63, 64, 65, 66, 67, 68, 69, 70, 71, 72, 73, 74, 75, 76, 77, 78, 79, 80, 81, 82, 83, 84, 85, 86, 87, 88, 89, 90, 91, 92, 93, 94, 95, 96, 97, 98, 99]
{0: 10, 1: 10, 2: 10, 3: 10, 4: 10, 5: 10, 6: 10, 7: 10, 8: 10, 9: 10, 10: 10, 11: 10, 12: 10, 13: 10, 14: 10, 15: 10, 16: 10, 17: 10, 18: 10, 19: 10, 20: 10, 21: 10, 22: 10, 23: 10, 24: 10, 25: 10, 26: 10, 27: 10, 28: 10, 29: 10, 30: 10, 31: 10, 32: 10, 33: 10, 34: 10, 35: 10, 36: 10, 37: 10, 38: 10, 39: 10, 40: 10, 41: 10, 42: 10, 43: 10, 44: 10, 45: 10, 46: 10, 47: 10, 48: 10, 49: 10, 50: 10, 51: 10, 52: 10, 53: 10, 54: 10, 55: 10, 56: 10, 57: 10, 58: 10, 59: 10, 60: 10, 61: 10, 62: 10, 63: 10, 64: 10, 65: 10, 66: 10, 67: 10, 68: 10, 69: 10, 70: 10, 71: 10, 72: 10, 73: 10, 74: 10, 75: 10, 76: 10, 77: 10, 78: 10, 79: 10, 80: 10, 81: 10, 82: 10, 83: 10, 84: 10, 85: 10, 86: 10, 87: 10, 88: 10, 89: 10, 90: 10, 91: 10, 92: 10, 93: 10, 94: 10, 95: 10, 96: 10, 97: 10, 98: 10, 99: 10}
10
NUM VARIABLES
100
NUM EDGES
24
EDGES
[(4, 89), (6, 31), (6, 78), (8, 91), (11, 51), (12, 21), (13, 54), (14, 60), (15, 85), (20, 23), (25, 57), (27, 40), (29, 45), (31, 36), (32, 36), (40, 42), (46, 88), (48, 85), (52, 86), (53, 91), (60, 81), (62, 94), (73, 82), (89, 96)]
>>>>>>>>>>>>>>>>>>>>>METHOD: structured
======PARAMS
1e-05
1.15e-05
/home/walidch/mrf_project/MRFToolBox/mrftools/mrftools/Learner.py:118: FutureWarning: comparison to `None` will result in an elementwise object comparison in the future.
  if (self.tau_q == None or not self.fully_observed) and not (self.graft):
/home/walidch/mrf_project/MRFToolBox/mrftools/mrftools/Learner.py:132: FutureWarning: comparison to `None` will result in an elementwise object comparison in the future.
  if (self.tau_q == None or not self.fully_observed) and not (self.graft):
True
[0, 0, 0.0, 0.0, 0.0, 0.0, 0.0, 0.0, 0.0, 0.0, 0.0, 0.0]
[0, 0, 0.0, 0.0, 0.0, 0.0, 0.0, 0.0, 0.0, 0.0, 0.0, 0.0]
[(60, 94), (83, 84), (21, 61), (25, 44), (60, 95), (32, 50), (0, 53), (49, 77), (2, 54), (61, 68), (1, 67)]
199.057464339
======PARAMS
2.5e-05
2.875e-05
True
[0, 0, 0.0, 0.0, 0.0, 0.0, 0.0, 0.0, 0.0, 0.0, 0.0, 0.0]
[0, 0, 0.0, 0.0, 0.0, 0.0, 0.0, 0.0, 0.0, 0.0, 0.0, 0.0]
[(60, 94), (83, 84), (21, 61), (25, 44), (60, 95), (32, 50), (0, 53), (49, 77), (2, 54), (61, 68), (1, 67)]
199.035234397
======PARAMS
5e-05
5.75e-05
True
[0, 0, 0.0, 0.0, 0.0, 0.0, 0.0, 0.0, 0.0, 0.0, 0.0, 0.0]
[0, 0, 0.0, 0.0, 0.0, 0.0, 0.0, 0.0, 0.0, 0.0, 0.0, 0.0]
[(60, 94), (83, 84), (21, 61), (25, 44), (60, 95), (32, 50), (0, 53), (49, 77), (2, 54), (61, 68), (1, 67)]
199.01218679
======PARAMS
7.5e-05
8.625e-05
True
[0, 0, 0.0, 0.0, 0.0, 0.0, 0.0, 0.0, 0.0, 0.0, 0.0, 0.0]
[0, 0, 0.0, 0.0, 0.0, 0.0, 0.0, 0.0, 0.0, 0.0, 0.0, 0.0]
[(60, 94), (83, 84), (21, 61), (25, 44), (60, 95), (32, 50), (0, 53), (49, 77), (2, 54), (61, 68), (1, 67)]
198.992852415
======PARAMS
0.0001
0.000115
True
[0, 0, 0.0, 0.0, 0.0, 0.0, 0.0, 0.0, 0.0, 0.0, 0.0, 0.0]
[0, 0, 0.0, 0.0, 0.0, 0.0, 0.0, 0.0, 0.0, 0.0, 0.0, 0.0]
[(60, 94), (83, 84), (21, 61), (25, 44), (60, 95), (32, 50), (0, 53), (49, 77), (2, 54), (61, 68), (1, 67)]
198.975895347
======PARAMS
0.00025
0.0002875
True
[0, 0, 0.0, 0.0, 0.0, 0.0, 0.0, 0.0, 0.0, 0.0, 0.0, 0.0]
[0, 0, 0.0, 0.0, 0.0, 0.0, 0.0, 0.0, 0.0, 0.0, 0.0, 0.0]
[(60, 94), (83, 84), (21, 61), (25, 44), (60, 95), (32, 50), (0, 53), (49, 77), (2, 54), (61, 68), (1, 67)]
198.899473138
======PARAMS
0.0005
0.000575
True
[0, 0, 0.0, 0.0, 0.0, 0.0, 0.0, 0.0, 0.0, 0.0, 0.0, 0.0]
[0, 0, 0.0, 0.0, 0.0, 0.0, 0.0, 0.0, 0.0, 0.0, 0.0, 0.0]
[(60, 94), (83, 84), (21, 61), (25, 44), (60, 95), (32, 50), (0, 53), (49, 77), (2, 54), (61, 68), (1, 67)]
198.815918012
======PARAMS
0.00075
0.0008625
True
[0, 0, 0.0, 0.0, 0.0, 0.0, 0.0, 0.0, 0.0, 0.0, 0.0, 0.0]
[0, 0, 0.0, 0.0, 0.0, 0.0, 0.0, 0.0, 0.0, 0.0, 0.0, 0.0]
[(83, 84), (21, 61), (60, 95), (32, 50), (0, 53), (49, 77), (2, 54), (61, 68), (1, 67), (17, 68), (47, 91)]
196.645540788
======PARAMS
0.001
0.00115
True
[0, 0, 0.0, 0.0, 0.0, 0.0, 0.0, 0.0, 0.0, 0.0, 0.0, 0.0]
[0, 0, 0.0, 0.0, 0.0, 0.0, 0.0, 0.0, 0.0, 0.0, 0.0, 0.0]
[(83, 84), (21, 61), (32, 50), (0, 53), (49, 77), (2, 54), (61, 68), (1, 67), (17, 68), (30, 93), (17, 73)]
195.735219835
======PARAMS
0.0025
0.002875
Average Selection iterations
113.243243243
SUFFICIENT STATS
4950
Recall
1.0
Precision
0.685714285714
F1-score
0.813559322034
False
[0, 0, 0.0, 0.0, 0.0, 0.041666666666666664, 0.08333333333333333, 0.125, 0.16666666666666666, 0.20833333333333334, 0.25, 0.2916666666666667, 0.3333333333333333, 0.375, 0.4166666666666667, 0.4583333333333333, 0.4583333333333333, 0.5, 0.5416666666666666, 0.5416666666666666, 0.5416666666666666, 0.5833333333333334, 0.625, 0.6666666666666666, 0.7083333333333334, 0.7083333333333334, 0.75, 0.7916666666666666, 0.8333333333333334, 0.8333333333333334, 0.8333333333333334, 0.8333333333333334, 0.875, 0.9166666666666666, 0.9583333333333334, 1.0, 1.0]
[0, 0, 0.0, 0.0, 0.0, 0.25, 0.4, 0.5, 0.5714285714285714, 0.625, 0.6666666666666666, 0.7, 0.7272727272727273, 0.75, 0.7692307692307693, 0.7857142857142857, 0.7333333333333333, 0.75, 0.7647058823529411, 0.7222222222222222, 0.6842105263157895, 0.7, 0.7142857142857143, 0.7272727272727273, 0.7391304347826086, 0.7083333333333334, 0.72, 0.7307692307692307, 0.7407407407407407, 0.7142857142857143, 0.6896551724137931, 0.6666666666666666, 0.6774193548387096, 0.6875, 0.696969696969697, 0.7058823529411765, 0.6857142857142857]
[(15, 48), (31, 32), (31, 78), (6, 31), (13, 54), (14, 60), (20, 23), (11, 51), (32, 36), (15, 85), (6, 78), (46, 88), (25, 57), (53, 91), (14, 81), (40, 42), (48, 85), (6, 32), (36, 78), (31, 36), (73, 82), (62, 94), (4, 89), (32, 78), (89, 96), (29, 45), (12, 21), (6, 36), (8, 53), (27, 42), (27, 40), (52, 86), (60, 81), (8, 91), (4, 96)]
189.695844754
NEW OPT FOUND
37
37
OPT PARAMS
0.0025
0.002875
(0.002875, 0.0025)
OPT reached
OPT PARAMS
0.0025
0.002875
>>>>>>>>>>>>>>>>>>>>>METHOD: queue
Average Selection iterations
2310.27027027
SUFFICIENT STATS
4950
Recall
1.0
Precision
0.685714285714
F1-score
0.813559322034
37
37
>>>>>>>>>>>>>>>>>>>>>METHOD: Graft
SUFFICIENT STATS
4950
Recall
1.0
Precision
0.685714285714
F1-score
0.813559322034
[(48, 85), (6, 78), (40, 42), (27, 40), (20, 23), (46, 88), (13, 54), (32, 36), (52, 86), (31, 36), (73, 82), (60, 81), (27, 42), (15, 85), (62, 94), (12, 21), (6, 31), (15, 48), (31, 32), (8, 91), (6, 36), (14, 60), (25, 57), (14, 81), (6, 32), (89, 96), (29, 45), (11, 51), (53, 91), (4, 89), (4, 96), (31, 78), (8, 53), (36, 78), (32, 78)]
[0, 0, 0.041666666666666664, 0.08333333333333333, 0.125, 0.16666666666666666, 0.20833333333333334, 0.25, 0.2916666666666667, 0.3333333333333333, 0.375, 0.4166666666666667, 0.4583333333333333, 0.5, 0.5, 0.5416666666666666, 0.5833333333333334, 0.625, 0.6666666666666666, 0.6666666666666666, 0.6666666666666666, 0.7083333333333334, 0.7083333333333334, 0.75, 0.7916666666666666, 0.7916666666666666, 0.7916666666666666, 0.8333333333333334, 0.875, 0.9166666666666666, 0.9583333333333334, 1.0, 1.0, 1.0, 1.0, 1.0, 1.0]
37
37
structured
queue
graft
======================================Simulating data...
> Creating model
> Generating data
[0, 1, 2, 3, 4, 5, 6, 7, 8, 9, 10, 11, 12, 13, 14, 15, 16, 17, 18, 19, 20, 21, 22, 23, 24, 25, 26, 27, 28, 29, 30, 31, 32, 33, 34, 35, 36, 37, 38, 39, 40, 41, 42, 43, 44, 45, 46, 47, 48, 49, 50, 51, 52, 53, 54, 55, 56, 57, 58, 59, 60, 61, 62, 63, 64, 65, 66, 67, 68, 69, 70, 71, 72, 73, 74, 75, 76, 77, 78, 79, 80, 81, 82, 83, 84, 85, 86, 87, 88, 89, 90, 91, 92, 93, 94, 95, 96, 97, 98, 99, 100, 101, 102, 103, 104, 105, 106, 107, 108, 109, 110, 111, 112, 113, 114, 115, 116, 117, 118, 119, 120, 121, 122, 123, 124, 125, 126, 127, 128, 129, 130, 131, 132, 133, 134, 135, 136, 137, 138, 139, 140, 141, 142, 143, 144, 145, 146, 147, 148, 149]
{0: 10, 1: 10, 2: 10, 3: 10, 4: 10, 5: 10, 6: 10, 7: 10, 8: 10, 9: 10, 10: 10, 11: 10, 12: 10, 13: 10, 14: 10, 15: 10, 16: 10, 17: 10, 18: 10, 19: 10, 20: 10, 21: 10, 22: 10, 23: 10, 24: 10, 25: 10, 26: 10, 27: 10, 28: 10, 29: 10, 30: 10, 31: 10, 32: 10, 33: 10, 34: 10, 35: 10, 36: 10, 37: 10, 38: 10, 39: 10, 40: 10, 41: 10, 42: 10, 43: 10, 44: 10, 45: 10, 46: 10, 47: 10, 48: 10, 49: 10, 50: 10, 51: 10, 52: 10, 53: 10, 54: 10, 55: 10, 56: 10, 57: 10, 58: 10, 59: 10, 60: 10, 61: 10, 62: 10, 63: 10, 64: 10, 65: 10, 66: 10, 67: 10, 68: 10, 69: 10, 70: 10, 71: 10, 72: 10, 73: 10, 74: 10, 75: 10, 76: 10, 77: 10, 78: 10, 79: 10, 80: 10, 81: 10, 82: 10, 83: 10, 84: 10, 85: 10, 86: 10, 87: 10, 88: 10, 89: 10, 90: 10, 91: 10, 92: 10, 93: 10, 94: 10, 95: 10, 96: 10, 97: 10, 98: 10, 99: 10, 100: 10, 101: 10, 102: 10, 103: 10, 104: 10, 105: 10, 106: 10, 107: 10, 108: 10, 109: 10, 110: 10, 111: 10, 112: 10, 113: 10, 114: 10, 115: 10, 116: 10, 117: 10, 118: 10, 119: 10, 120: 10, 121: 10, 122: 10, 123: 10, 124: 10, 125: 10, 126: 10, 127: 10, 128: 10, 129: 10, 130: 10, 131: 10, 132: 10, 133: 10, 134: 10, 135: 10, 136: 10, 137: 10, 138: 10, 139: 10, 140: 10, 141: 10, 142: 10, 143: 10, 144: 10, 145: 10, 146: 10, 147: 10, 148: 10, 149: 10}
10
NUM VARIABLES
150
NUM EDGES
37
EDGES
[(0, 25), (1, 25), (3, 36), (7, 35), (17, 139), (19, 121), (21, 125), (24, 79), (26, 63), (26, 123), (27, 90), (28, 62), (29, 91), (31, 76), (32, 105), (32, 113), (39, 106), (41, 69), (56, 95), (57, 68), (57, 116), (62, 68), (63, 148), (64, 146), (66, 94), (67, 68), (67, 92), (73, 88), (73, 136), (85, 122), (87, 111), (90, 125), (92, 114), (98, 101), (118, 126), (120, 134), (125, 130)]
>>>>>>>>>>>>>>>>>>>>>METHOD: structured
======PARAMS
1e-05
1.15e-05
True
[0, 0, 0.0, 0.0, 0.0, 0.0, 0.0, 0.0, 0.0, 0.0, 0.0, 0.0]
[0, 0, 0.0, 0.0, 0.0, 0.0, 0.0, 0.0, 0.0, 0.0, 0.0, 0.0]
[(60, 68), (10, 106), (109, 135), (19, 147), (26, 131), (63, 134), (27, 43), (110, 127), (14, 57), (28, 125), (39, 133)]
307.571825328
======PARAMS
2.5e-05
2.875e-05
True
[0, 0, 0.0, 0.0, 0.0, 0.0, 0.0, 0.0, 0.0, 0.0, 0.0, 0.0]
[0, 0, 0.0, 0.0, 0.0, 0.0, 0.0, 0.0, 0.0, 0.0, 0.0, 0.0]
[(60, 68), (10, 106), (109, 135), (19, 147), (26, 131), (63, 134), (27, 43), (110, 127), (14, 57), (28, 125), (39, 133)]
307.55590785
======PARAMS
5e-05
5.75e-05
True
[0, 0, 0.0, 0.0, 0.0, 0.0, 0.0, 0.0, 0.0, 0.0, 0.0, 0.0]
[0, 0, 0.0, 0.0, 0.0, 0.0, 0.0, 0.0, 0.0, 0.0, 0.0, 0.0]
[(60, 68), (10, 106), (109, 135), (19, 147), (26, 131), (63, 134), (27, 43), (110, 127), (14, 57), (28, 125), (39, 133)]
307.536879
======PARAMS
7.5e-05
8.625e-05
True
[0, 0, 0.0, 0.0, 0.0, 0.0, 0.0, 0.0, 0.0, 0.0, 0.0, 0.0]
[0, 0, 0.0, 0.0, 0.0, 0.0, 0.0, 0.0, 0.0, 0.0, 0.0, 0.0]
[(60, 68), (10, 106), (109, 135), (19, 147), (26, 131), (63, 134), (27, 43), (110, 127), (14, 57), (28, 125), (39, 133)]
307.522793295
======PARAMS
0.0001
0.000115
True
[0, 0, 0.0, 0.0, 0.0, 0.0, 0.0, 0.0, 0.0, 0.0, 0.0, 0.0]
[0, 0, 0.0, 0.0, 0.0, 0.0, 0.0, 0.0, 0.0, 0.0, 0.0, 0.0]
[(60, 68), (10, 106), (109, 135), (19, 147), (26, 131), (63, 134), (27, 43), (110, 127), (14, 57), (28, 125), (39, 133)]
307.51023392
======PARAMS
0.00025
0.0002875
True
[0, 0, 0.0, 0.0, 0.0, 0.0, 0.0, 0.0, 0.0, 0.0, 0.0, 0.0]
[0, 0, 0.0, 0.0, 0.0, 0.0, 0.0, 0.0, 0.0, 0.0, 0.0, 0.0]
[(60, 68), (10, 106), (109, 135), (19, 147), (26, 131), (63, 134), (27, 43), (110, 127), (14, 57), (28, 125), (39, 133)]
307.453871615
======PARAMS
0.0005
0.000575
True
[0, 0, 0.0, 0.0, 0.0, 0.0, 0.0, 0.0, 0.0, 0.0, 0.0, 0.0]
[0, 0, 0.0, 0.0, 0.0, 0.0, 0.0, 0.0, 0.0, 0.0, 0.0, 0.0]
[(10, 106), (109, 135), (19, 147), (26, 131), (63, 134), (27, 43), (110, 127), (14, 57), (28, 125), (39, 133), (23, 95)]
307.17318871
======PARAMS
0.00075
0.0008625
True
[0, 0, 0.0, 0.0, 0.0, 0.0, 0.0, 0.0, 0.0, 0.0, 0.0, 0.0]
[0, 0, 0.0, 0.0, 0.0, 0.0, 0.0, 0.0, 0.0, 0.0, 0.0, 0.0]
[(109, 135), (19, 147), (26, 131), (63, 134), (110, 127), (28, 125), (39, 133), (23, 95), (17, 140), (145, 147), (24, 109)]
306.356052778
======PARAMS
0.001
0.00115
True
[0, 0, 0.0, 0.0, 0.02702702702702703, 0.02702702702702703, 0.02702702702702703, 0.02702702702702703, 0.02702702702702703, 0.02702702702702703, 0.02702702702702703, 0.02702702702702703]
[0, 0, 0.0, 0.0, 0.3333333333333333, 0.25, 0.2, 0.16666666666666666, 0.14285714285714285, 0.125, 0.1111111111111111, 0.1]
[(63, 134), (28, 125), (73, 88), (77, 142), (10, 112), (91, 145), (94, 108), (43, 141), (52, 137), (41, 55), (62, 114)]
305.140965885
======PARAMS
0.0025
0.002875
Average Selection iterations
134.058823529
SUFFICIENT STATS
11175
Recall
1.0
Precision
0.560606060606
F1-score
0.718446601942
False
[0, 0, 0.02702702702702703, 0.02702702702702703, 0.02702702702702703, 0.02702702702702703, 0.02702702702702703, 0.05405405405405406, 0.05405405405405406, 0.05405405405405406, 0.08108108108108109, 0.10810810810810811, 0.13513513513513514, 0.13513513513513514, 0.16216216216216217, 0.16216216216216217, 0.1891891891891892, 0.1891891891891892, 0.1891891891891892, 0.21621621621621623, 0.24324324324324326, 0.2702702702702703, 0.2702702702702703, 0.2972972972972973, 0.32432432432432434, 0.35135135135135137, 0.3783783783783784, 0.40540540540540543, 0.43243243243243246, 0.43243243243243246, 0.43243243243243246, 0.4594594594594595, 0.4594594594594595, 0.4864864864864865, 0.4864864864864865, 0.5135135135135135, 0.5405405405405406, 0.5675675675675675, 0.5675675675675675, 0.5945945945945946, 0.5945945945945946, 0.5945945945945946, 0.5945945945945946, 0.6216216216216216, 0.6486486486486487, 0.6486486486486487, 0.6756756756756757, 0.6756756756756757, 0.7027027027027027, 0.7297297297297297, 0.7567567567567568, 0.7837837837837838, 0.8108108108108109, 0.8378378378378378, 0.8378378378378378, 0.8378378378378378, 0.8648648648648649, 0.8918918918918919, 0.918918918918919, 0.9459459459459459, 0.9459459459459459, 0.9459459459459459, 0.972972972972973, 1.0, 1.0, 1.0, 1.0, 1.0]
[0, 0, 1.0, 0.5, 0.3333333333333333, 0.25, 0.2, 0.3333333333333333, 0.2857142857142857, 0.25, 0.3333333333333333, 0.4, 0.45454545454545453, 0.4166666666666667, 0.46153846153846156, 0.42857142857142855, 0.4666666666666667, 0.4375, 0.4117647058823529, 0.4444444444444444, 0.47368421052631576, 0.5, 0.47619047619047616, 0.5, 0.5217391304347826, 0.5416666666666666, 0.56, 0.5769230769230769, 0.5925925925925926, 0.5714285714285714, 0.5517241379310345, 0.5666666666666667, 0.5483870967741935, 0.5625, 0.5454545454545454, 0.5588235294117647, 0.5714285714285714, 0.5833333333333334, 0.5675675675675675, 0.5789473684210527, 0.5641025641025641, 0.55, 0.5365853658536586, 0.5476190476190477, 0.5581395348837209, 0.5454545454545454, 0.5555555555555556, 0.5434782608695652, 0.5531914893617021, 0.5625, 0.5714285714285714, 0.58, 0.5882352941176471, 0.5961538461538461, 0.5849056603773585, 0.5740740740740741, 0.5818181818181818, 0.5892857142857143, 0.5964912280701754, 0.603448275862069, 0.5932203389830508, 0.5833333333333334, 0.5901639344262295, 0.5967741935483871, 0.5873015873015873, 0.578125, 0.5692307692307692, 0.5606060606060606]
[(73, 88), (62, 114), (67, 114), (68, 116), (21, 90), (125, 130), (123, 148), (67, 116), (57, 116), (73, 136), (26, 123), (27, 130), (98, 101), (27, 125), (62, 68), (62, 67), (105, 113), (66, 94), (92, 114), (64, 146), (57, 62), (1, 25), (24, 79), (0, 25), (120, 134), (39, 106), (67, 92), (68, 92), (21, 27), (32, 105), (28, 116), (32, 113), (28, 57), (90, 125), (27, 90), (19, 121), (57, 67), (7, 35), (28, 92), (28, 67), (26, 148), (3, 36), (29, 91), (63, 123), (26, 63), (28, 114), (28, 62), (63, 148), (118, 126), (67, 68), (31, 76), (87, 111), (21, 130), (0, 1), (41, 69), (17, 139), (85, 122), (57, 68), (88, 136), (68, 114), (56, 95), (21, 125), (62, 116), (28, 68), (90, 130), (62, 92)]
302.716210545
NEW OPT FOUND
68
68
OPT PARAMS
0.0025
0.002875
(0.002875, 0.0025)
======PARAMS
0.005
0.00575
Average Selection iterations
152.95
SUFFICIENT STATS
11175
Recall
1.0
Precision
0.637931034483
F1-score
0.778947368421
False
[0, 0, 0.02702702702702703, 0.02702702702702703, 0.02702702702702703, 0.02702702702702703, 0.05405405405405406, 0.05405405405405406, 0.08108108108108109, 0.10810810810810811, 0.13513513513513514, 0.13513513513513514, 0.16216216216216217, 0.16216216216216217, 0.1891891891891892, 0.1891891891891892, 0.1891891891891892, 0.21621621621621623, 0.24324324324324326, 0.24324324324324326, 0.2702702702702703, 0.2972972972972973, 0.32432432432432434, 0.35135135135135137, 0.3783783783783784, 0.40540540540540543, 0.43243243243243246, 0.43243243243243246, 0.43243243243243246, 0.4594594594594595, 0.4864864864864865, 0.5135135135135135, 0.5405405405405406, 0.5675675675675675, 0.5945945945945946, 0.5945945945945946, 0.5945945945945946, 0.6216216216216216, 0.6216216216216216, 0.6486486486486487, 0.6486486486486487, 0.6756756756756757, 0.7027027027027027, 0.7297297297297297, 0.7567567567567568, 0.7837837837837838, 0.8108108108108109, 0.8108108108108109, 0.8108108108108109, 0.8378378378378378, 0.8648648648648649, 0.8918918918918919, 0.918918918918919, 0.918918918918919, 0.9459459459459459, 0.972972972972973, 0.972972972972973, 1.0, 1.0, 1.0]
[0, 0, 1.0, 0.5, 0.3333333333333333, 0.25, 0.4, 0.3333333333333333, 0.42857142857142855, 0.5, 0.5555555555555556, 0.5, 0.5454545454545454, 0.5, 0.5384615384615384, 0.5, 0.4666666666666667, 0.5, 0.5294117647058824, 0.5, 0.5263157894736842, 0.55, 0.5714285714285714, 0.5909090909090909, 0.6086956521739131, 0.625, 0.64, 0.6153846153846154, 0.5925925925925926, 0.6071428571428571, 0.6206896551724138, 0.6333333333333333, 0.6451612903225806, 0.65625, 0.6666666666666666, 0.6470588235294118, 0.6285714285714286, 0.6388888888888888, 0.6216216216216216, 0.631578947368421, 0.6153846153846154, 0.625, 0.6341463414634146, 0.6428571428571429, 0.6511627906976745, 0.6590909090909091, 0.6666666666666666, 0.6521739130434783, 0.6382978723404256, 0.6458333333333334, 0.6530612244897959, 0.66, 0.6666666666666666, 0.6538461538461539, 0.660377358490566, 0.6666666666666666, 0.6545454545454545, 0.6607142857142857, 0.6491228070175439, 0.6379310344827587]
[(73, 88), (67, 114), (68, 116), (21, 90), (125, 130), (123, 148), (57, 116), (73, 136), (26, 123), (27, 130), (98, 101), (27, 125), (62, 68), (62, 67), (105, 113), (66, 94), (92, 114), (57, 62), (64, 146), (1, 25), (24, 79), (120, 134), (0, 25), (39, 106), (67, 92), (68, 92), (21, 27), (32, 105), (32, 113), (90, 125), (27, 90), (19, 121), (7, 35), (28, 92), (26, 148), (3, 36), (28, 67), (29, 91), (63, 123), (26, 63), (28, 62), (63, 148), (118, 126), (31, 76), (87, 111), (21, 130), (0, 1), (41, 69), (17, 139), (85, 122), (57, 68), (88, 136), (56, 95), (21, 125), (90, 130), (67, 68), (28, 68), (62, 92)]
295.243202934
NEW OPT FOUND
60
60
OPT PARAMS
0.005
0.00575
(0.00575, 0.005)
======PARAMS
0.0075
0.008625
Average Selection iterations
167.436363636
SUFFICIENT STATS
11175
Recall
0.972972972973
Precision
0.679245283019
F1-score
0.8
False
[0, 0, 0.02702702702702703, 0.02702702702702703, 0.02702702702702703, 0.05405405405405406, 0.05405405405405406, 0.08108108108108109, 0.10810810810810811, 0.13513513513513514, 0.13513513513513514, 0.16216216216216217, 0.16216216216216217, 0.1891891891891892, 0.1891891891891892, 0.1891891891891892, 0.21621621621621623, 0.24324324324324326, 0.2702702702702703, 0.2972972972972973, 0.32432432432432434, 0.35135135135135137, 0.3783783783783784, 0.40540540540540543, 0.43243243243243246, 0.43243243243243246, 0.43243243243243246, 0.4594594594594595, 0.4864864864864865, 0.5135135135135135, 0.5405405405405406, 0.5675675675675675, 0.5945945945945946, 0.6216216216216216, 0.6216216216216216, 0.6486486486486487, 0.6756756756756757, 0.6756756756756757, 0.7027027027027027, 0.7297297297297297, 0.7567567567567568, 0.7837837837837838, 0.8108108108108109, 0.8378378378378378, 0.8378378378378378, 0.8648648648648649, 0.8648648648648649, 0.8918918918918919, 0.918918918918919, 0.918918918918919, 0.9459459459459459, 0.972972972972973, 0.972972972972973, 0.972972972972973, 0.972972972972973]
[0, 0, 1.0, 0.5, 0.3333333333333333, 0.5, 0.4, 0.5, 0.5714285714285714, 0.625, 0.5555555555555556, 0.6, 0.5454545454545454, 0.5833333333333334, 0.5384615384615384, 0.5, 0.5333333333333333, 0.5625, 0.5882352941176471, 0.6111111111111112, 0.631578947368421, 0.65, 0.6666666666666666, 0.6818181818181818, 0.6956521739130435, 0.6666666666666666, 0.64, 0.6538461538461539, 0.6666666666666666, 0.6785714285714286, 0.6896551724137931, 0.7, 0.7096774193548387, 0.71875, 0.696969696969697, 0.7058823529411765, 0.7142857142857143, 0.6944444444444444, 0.7027027027027027, 0.7105263157894737, 0.717948717948718, 0.725, 0.7317073170731707, 0.7380952380952381, 0.7209302325581395, 0.7272727272727273, 0.7111111111111111, 0.717391304347826, 0.723404255319149, 0.7083333333333334, 0.7142857142857143, 0.72, 0.7058823529411765, 0.6923076923076923, 0.6792452830188679]
[(73, 88), (67, 114), (21, 90), (125, 130), (123, 148), (57, 116), (73, 136), (26, 123), (27, 130), (98, 101), (27, 125), (62, 68), (62, 67), (105, 113), (66, 94), (92, 114), (64, 146), (120, 134), (1, 25), (24, 79), (39, 106), (0, 25), (67, 92), (21, 27), (68, 92), (32, 105), (32, 113), (90, 125), (27, 90), (19, 121), (85, 122), (7, 35), (26, 148), (3, 36), (29, 91), (63, 123), (26, 63), (118, 126), (28, 62), (63, 148), (67, 68), (31, 76), (21, 130), (87, 111), (0, 1), (41, 69), (17, 139), (88, 136), (56, 95), (21, 125), (90, 130), (28, 67), (28, 68)]
292.842474918
NEW OPT FOUND
55
55
OPT PARAMS
0.0075
0.008625
(0.008624999999999999, 0.0075)
======PARAMS
0.01
0.0115
Average Selection iterations
171.166666667
SUFFICIENT STATS
11175
Recall
0.972972972973
Precision
0.692307692308
F1-score
0.808988764045
False
[0, 0, 0.02702702702702703, 0.02702702702702703, 0.02702702702702703, 0.05405405405405406, 0.05405405405405406, 0.08108108108108109, 0.10810810810810811, 0.13513513513513514, 0.13513513513513514, 0.16216216216216217, 0.16216216216216217, 0.1891891891891892, 0.1891891891891892, 0.1891891891891892, 0.21621621621621623, 0.24324324324324326, 0.2702702702702703, 0.2972972972972973, 0.32432432432432434, 0.35135135135135137, 0.3783783783783784, 0.40540540540540543, 0.43243243243243246, 0.43243243243243246, 0.4594594594594595, 0.4864864864864865, 0.5135135135135135, 0.5405405405405406, 0.5675675675675675, 0.5945945945945946, 0.6216216216216216, 0.6216216216216216, 0.6486486486486487, 0.6756756756756757, 0.6756756756756757, 0.7027027027027027, 0.7297297297297297, 0.7567567567567568, 0.7837837837837838, 0.7837837837837838, 0.8108108108108109, 0.8378378378378378, 0.8378378378378378, 0.8648648648648649, 0.8918918918918919, 0.8918918918918919, 0.918918918918919, 0.9459459459459459, 0.9459459459459459, 0.9459459459459459, 0.9459459459459459, 0.972972972972973]
[0, 0, 1.0, 0.5, 0.3333333333333333, 0.5, 0.4, 0.5, 0.5714285714285714, 0.625, 0.5555555555555556, 0.6, 0.5454545454545454, 0.5833333333333334, 0.5384615384615384, 0.5, 0.5333333333333333, 0.5625, 0.5882352941176471, 0.6111111111111112, 0.631578947368421, 0.65, 0.6666666666666666, 0.6818181818181818, 0.6956521739130435, 0.6666666666666666, 0.68, 0.6923076923076923, 0.7037037037037037, 0.7142857142857143, 0.7241379310344828, 0.7333333333333333, 0.7419354838709677, 0.71875, 0.7272727272727273, 0.7352941176470589, 0.7142857142857143, 0.7222222222222222, 0.7297297297297297, 0.7368421052631579, 0.7435897435897436, 0.725, 0.7317073170731707, 0.7380952380952381, 0.7209302325581395, 0.7272727272727273, 0.7333333333333333, 0.717391304347826, 0.723404255319149, 0.7291666666666666, 0.7142857142857143, 0.7, 0.6862745098039216, 0.6923076923076923]
[(73, 88), (67, 114), (21, 90), (125, 130), (123, 148), (57, 116), (73, 136), (26, 123), (27, 130), (98, 101), (27, 125), (62, 68), (62, 67), (105, 113), (66, 94), (92, 114), (64, 146), (120, 134), (1, 25), (24, 79), (39, 106), (0, 25), (67, 92), (21, 27), (32, 105), (32, 113), (90, 125), (27, 90), (19, 121), (85, 122), (7, 35), (26, 148), (3, 36), (29, 91), (63, 123), (26, 63), (118, 126), (28, 62), (63, 148), (21, 130), (31, 76), (87, 111), (0, 1), (41, 69), (17, 139), (88, 136), (56, 95), (21, 125), (28, 68), (90, 130), (28, 67), (67, 68)]
296.889658576
NEW OPT FOUND
54
54
OPT PARAMS
0.01
0.0115
(0.0115, 0.01)
OPT reached
OPT PARAMS
0.01
0.0115
>>>>>>>>>>>>>>>>>>>>>METHOD: queue
Average Selection iterations
5072.85185185
SUFFICIENT STATS
11175
Recall
0.972972972973
Precision
0.692307692308
F1-score
0.808988764045
54
54
>>>>>>>>>>>>>>>>>>>>>METHOD: Graft
SUFFICIENT STATS
11175
Recall
0.972972972973
Precision
0.692307692308
F1-score
0.808988764045
[(87, 111), (90, 125), (85, 122), (57, 116), (56, 95), (41, 69), (31, 76), (21, 125), (29, 91), (66, 94), (73, 136), (73, 88), (118, 126), (21, 90), (26, 63), (64, 146), (32, 105), (120, 134), (26, 123), (17, 139), (63, 148), (98, 101), (24, 79), (92, 114), (19, 121), (1, 25), (32, 113), (3, 36), (39, 106), (0, 25), (88, 136), (27, 90), (27, 125), (7, 35), (28, 62), (63, 123), (125, 130), (26, 148), (105, 113), (90, 130), (67, 92), (62, 68), (21, 130), (0, 1), (67, 68), (21, 27), (28, 68), (62, 67), (123, 148), (28, 67), (67, 114), (27, 130)]
[0, 0, 0.02702702702702703, 0.05405405405405406, 0.08108108108108109, 0.10810810810810811, 0.13513513513513514, 0.16216216216216217, 0.1891891891891892, 0.21621621621621623, 0.24324324324324326, 0.2702702702702703, 0.2972972972972973, 0.32432432432432434, 0.35135135135135137, 0.35135135135135137, 0.3783783783783784, 0.40540540540540543, 0.43243243243243246, 0.4594594594594595, 0.4864864864864865, 0.5135135135135135, 0.5405405405405406, 0.5675675675675675, 0.5945945945945946, 0.6216216216216216, 0.6486486486486487, 0.6756756756756757, 0.7027027027027027, 0.7297297297297297, 0.7567567567567568, 0.7837837837837838, 0.7837837837837838, 0.8108108108108109, 0.8108108108108109, 0.8378378378378378, 0.8648648648648649, 0.8648648648648649, 0.8918918918918919, 0.8918918918918919, 0.8918918918918919, 0.8918918918918919, 0.918918918918919, 0.9459459459459459, 0.9459459459459459, 0.9459459459459459, 0.972972972972973, 0.972972972972973, 0.972972972972973, 0.972972972972973, 0.972972972972973, 0.972972972972973, 0.972972972972973, 0.972972972972973]
54
54
structured
queue
graft
======================================Simulating data...
> Creating model
> Generating data
[0, 1, 2, 3, 4, 5, 6, 7, 8, 9, 10, 11, 12, 13, 14, 15, 16, 17, 18, 19, 20, 21, 22, 23, 24, 25, 26, 27, 28, 29, 30, 31, 32, 33, 34, 35, 36, 37, 38, 39, 40, 41, 42, 43, 44, 45, 46, 47, 48, 49, 50, 51, 52, 53, 54, 55, 56, 57, 58, 59, 60, 61, 62, 63, 64, 65, 66, 67, 68, 69, 70, 71, 72, 73, 74, 75, 76, 77, 78, 79, 80, 81, 82, 83, 84, 85, 86, 87, 88, 89, 90, 91, 92, 93, 94, 95, 96, 97, 98, 99, 100, 101, 102, 103, 104, 105, 106, 107, 108, 109, 110, 111, 112, 113, 114, 115, 116, 117, 118, 119, 120, 121, 122, 123, 124, 125, 126, 127, 128, 129, 130, 131, 132, 133, 134, 135, 136, 137, 138, 139, 140, 141, 142, 143, 144, 145, 146, 147, 148, 149, 150, 151, 152, 153, 154, 155, 156, 157, 158, 159, 160, 161, 162, 163, 164, 165, 166, 167, 168, 169, 170, 171, 172, 173, 174, 175, 176, 177, 178, 179, 180, 181, 182, 183, 184, 185, 186, 187, 188, 189, 190, 191, 192, 193, 194, 195, 196, 197, 198, 199]
{0: 10, 1: 10, 2: 10, 3: 10, 4: 10, 5: 10, 6: 10, 7: 10, 8: 10, 9: 10, 10: 10, 11: 10, 12: 10, 13: 10, 14: 10, 15: 10, 16: 10, 17: 10, 18: 10, 19: 10, 20: 10, 21: 10, 22: 10, 23: 10, 24: 10, 25: 10, 26: 10, 27: 10, 28: 10, 29: 10, 30: 10, 31: 10, 32: 10, 33: 10, 34: 10, 35: 10, 36: 10, 37: 10, 38: 10, 39: 10, 40: 10, 41: 10, 42: 10, 43: 10, 44: 10, 45: 10, 46: 10, 47: 10, 48: 10, 49: 10, 50: 10, 51: 10, 52: 10, 53: 10, 54: 10, 55: 10, 56: 10, 57: 10, 58: 10, 59: 10, 60: 10, 61: 10, 62: 10, 63: 10, 64: 10, 65: 10, 66: 10, 67: 10, 68: 10, 69: 10, 70: 10, 71: 10, 72: 10, 73: 10, 74: 10, 75: 10, 76: 10, 77: 10, 78: 10, 79: 10, 80: 10, 81: 10, 82: 10, 83: 10, 84: 10, 85: 10, 86: 10, 87: 10, 88: 10, 89: 10, 90: 10, 91: 10, 92: 10, 93: 10, 94: 10, 95: 10, 96: 10, 97: 10, 98: 10, 99: 10, 100: 10, 101: 10, 102: 10, 103: 10, 104: 10, 105: 10, 106: 10, 107: 10, 108: 10, 109: 10, 110: 10, 111: 10, 112: 10, 113: 10, 114: 10, 115: 10, 116: 10, 117: 10, 118: 10, 119: 10, 120: 10, 121: 10, 122: 10, 123: 10, 124: 10, 125: 10, 126: 10, 127: 10, 128: 10, 129: 10, 130: 10, 131: 10, 132: 10, 133: 10, 134: 10, 135: 10, 136: 10, 137: 10, 138: 10, 139: 10, 140: 10, 141: 10, 142: 10, 143: 10, 144: 10, 145: 10, 146: 10, 147: 10, 148: 10, 149: 10, 150: 10, 151: 10, 152: 10, 153: 10, 154: 10, 155: 10, 156: 10, 157: 10, 158: 10, 159: 10, 160: 10, 161: 10, 162: 10, 163: 10, 164: 10, 165: 10, 166: 10, 167: 10, 168: 10, 169: 10, 170: 10, 171: 10, 172: 10, 173: 10, 174: 10, 175: 10, 176: 10, 177: 10, 178: 10, 179: 10, 180: 10, 181: 10, 182: 10, 183: 10, 184: 10, 185: 10, 186: 10, 187: 10, 188: 10, 189: 10, 190: 10, 191: 10, 192: 10, 193: 10, 194: 10, 195: 10, 196: 10, 197: 10, 198: 10, 199: 10}
10
NUM VARIABLES
200
NUM EDGES
49
EDGES
[(7, 134), (8, 126), (9, 103), (10, 77), (10, 198), (15, 132), (16, 62), (17, 148), (23, 62), (24, 33), (28, 147), (29, 39), (29, 153), (32, 166), (39, 156), (47, 127), (51, 53), (55, 83), (57, 148), (58, 122), (60, 172), (61, 71), (61, 159), (65, 87), (65, 104), (71, 172), (72, 186), (73, 172), (76, 95), (76, 178), (79, 143), (79, 147), (83, 147), (89, 156), (92, 155), (93, 189), (96, 146), (104, 146), (108, 124), (112, 152), (123, 165), (126, 185), (127, 197), (132, 160), (169, 175), (169, 196), (174, 197), (178, 180), (189, 196)]
>>>>>>>>>>>>>>>>>>>>>METHOD: structured
======PARAMS
1e-05
1.15e-05
True
[0, 0, 0.0, 0.0, 0.0, 0.0, 0.0, 0.0, 0.0, 0.0, 0.0, 0.0]
[0, 0, 0.0, 0.0, 0.0, 0.0, 0.0, 0.0, 0.0, 0.0, 0.0, 0.0]
[(10, 155), (111, 167), (158, 159), (24, 40), (21, 143), (8, 85), (13, 159), (68, 125), (93, 122), (68, 106), (1, 163)]
401.982328476
======PARAMS
2.5e-05
2.875e-05
True
[0, 0, 0.0, 0.0, 0.0, 0.0, 0.0, 0.0, 0.0, 0.0, 0.0, 0.0]
[0, 0, 0.0, 0.0, 0.0, 0.0, 0.0, 0.0, 0.0, 0.0, 0.0, 0.0]
[(10, 155), (111, 167), (158, 159), (24, 40), (21, 143), (8, 85), (13, 159), (68, 125), (93, 122), (68, 106), (1, 163)]
401.966707192
======PARAMS
5e-05
5.75e-05
True
[0, 0, 0.0, 0.0, 0.0, 0.0, 0.0, 0.0, 0.0, 0.0, 0.0, 0.0]
[0, 0, 0.0, 0.0, 0.0, 0.0, 0.0, 0.0, 0.0, 0.0, 0.0, 0.0]
[(10, 155), (111, 167), (158, 159), (24, 40), (21, 143), (8, 85), (13, 159), (68, 125), (93, 122), (68, 106), (1, 163)]
401.950692238
======PARAMS
7.5e-05
8.625e-05
True
[0, 0, 0.0, 0.0, 0.0, 0.0, 0.0, 0.0, 0.0, 0.0, 0.0, 0.0]
[0, 0, 0.0, 0.0, 0.0, 0.0, 0.0, 0.0, 0.0, 0.0, 0.0, 0.0]
[(10, 155), (111, 167), (158, 159), (24, 40), (21, 143), (8, 85), (13, 159), (68, 125), (93, 122), (68, 106), (1, 163)]
401.935916591
======PARAMS
0.0001
0.000115
True
[0, 0, 0.0, 0.0, 0.0, 0.0, 0.0, 0.0, 0.0, 0.0, 0.0, 0.0]
[0, 0, 0.0, 0.0, 0.0, 0.0, 0.0, 0.0, 0.0, 0.0, 0.0, 0.0]
[(10, 155), (111, 167), (158, 159), (24, 40), (21, 143), (8, 85), (13, 159), (68, 125), (93, 122), (68, 106), (1, 163)]
401.922811393
======PARAMS
0.00025
0.0002875
True
[0, 0, 0.0, 0.0, 0.0, 0.0, 0.0, 0.0, 0.0, 0.0, 0.0, 0.0]
[0, 0, 0.0, 0.0, 0.0, 0.0, 0.0, 0.0, 0.0, 0.0, 0.0, 0.0]
[(10, 155), (111, 167), (158, 159), (24, 40), (21, 143), (8, 85), (13, 159), (68, 125), (93, 122), (68, 106), (1, 163)]
401.864621508
======PARAMS
0.0005
0.000575
True
[0, 0, 0.0, 0.0, 0.0, 0.0, 0.0, 0.0, 0.0, 0.0, 0.0, 0.0]
[0, 0, 0.0, 0.0, 0.0, 0.0, 0.0, 0.0, 0.0, 0.0, 0.0, 0.0]
[(10, 155), (111, 167), (158, 159), (24, 40), (21, 143), (8, 85), (13, 159), (68, 125), (68, 106), (1, 163), (80, 125)]
400.757588934
======PARAMS
0.00075
0.0008625
True
[0, 0, 0.0, 0.0, 0.0, 0.0, 0.0, 0.0, 0.0, 0.0, 0.0, 0.0]
[0, 0, 0.0, 0.0, 0.0, 0.0, 0.0, 0.0, 0.0, 0.0, 0.0, 0.0]
[(111, 167), (158, 159), (68, 125), (1, 163), (23, 55), (14, 98), (59, 100), (73, 119), (160, 191), (66, 165), (64, 152)]
399.438861756
======PARAMS
0.001
0.00115
Average Selection iterations
124.52866242
SUFFICIENT STATS
19900
Recall
1.0
Precision
0.316129032258
F1-score
0.480392156863
False
[0, 0, 0.02040816326530612, 0.04081632653061224, 0.061224489795918366, 0.061224489795918366, 0.08163265306122448, 0.08163265306122448, 0.08163265306122448, 0.10204081632653061, 0.12244897959183673, 0.14285714285714285, 0.14285714285714285, 0.16326530612244897, 0.1836734693877551, 0.20408163265306123, 0.22448979591836735, 0.24489795918367346, 0.24489795918367346, 0.2653061224489796, 0.2857142857142857, 0.30612244897959184, 0.30612244897959184, 0.30612244897959184, 0.30612244897959184, 0.30612244897959184, 0.30612244897959184, 0.32653061224489793, 0.32653061224489793, 0.32653061224489793, 0.32653061224489793, 0.32653061224489793, 0.32653061224489793, 0.32653061224489793, 0.32653061224489793, 0.3469387755102041, 0.3469387755102041, 0.3469387755102041, 0.3469387755102041, 0.3673469387755102, 0.3673469387755102, 0.3673469387755102, 0.3877551020408163, 0.3877551020408163, 0.3877551020408163, 0.3877551020408163, 0.3877551020408163, 0.40816326530612246, 0.40816326530612246, 0.42857142857142855, 0.42857142857142855, 0.42857142857142855, 0.42857142857142855, 0.4489795918367347, 0.4489795918367347, 0.4489795918367347, 0.46938775510204084, 0.46938775510204084, 0.46938775510204084, 0.46938775510204084, 0.46938775510204084, 0.46938775510204084, 0.46938775510204084, 0.4897959183673469, 0.4897959183673469, 0.4897959183673469, 0.4897959183673469, 0.5102040816326531, 0.5102040816326531, 0.5102040816326531, 0.5102040816326531, 0.5306122448979592, 0.5306122448979592, 0.5306122448979592, 0.5306122448979592, 0.5306122448979592, 0.5306122448979592, 0.5510204081632653, 0.5510204081632653, 0.5510204081632653, 0.5714285714285714, 0.5714285714285714, 0.5918367346938775, 0.5918367346938775, 0.5918367346938775, 0.5918367346938775, 0.6122448979591837, 0.6122448979591837, 0.6122448979591837, 0.6122448979591837, 0.6122448979591837, 0.6122448979591837, 0.6326530612244898, 0.6530612244897959, 0.673469387755102, 0.6938775510204082, 0.7142857142857143, 0.7142857142857143, 0.7142857142857143, 0.7346938775510204, 0.7551020408163265, 0.7755102040816326, 0.7755102040816326, 0.7755102040816326, 0.7755102040816326, 0.7959183673469388, 0.8163265306122449, 0.8163265306122449, 0.8163265306122449, 0.8163265306122449, 0.8367346938775511, 0.8571428571428571, 0.8571428571428571, 0.8775510204081632, 0.8775510204081632, 0.8979591836734694, 0.9183673469387755, 0.9183673469387755, 0.9183673469387755, 0.9183673469387755, 0.9183673469387755, 0.9183673469387755, 0.9387755102040817, 0.9387755102040817, 0.9387755102040817, 0.9591836734693877, 0.9591836734693877, 0.9795918367346939, 0.9795918367346939, 0.9795918367346939, 0.9795918367346939, 0.9795918367346939, 0.9795918367346939, 0.9795918367346939, 0.9795918367346939, 0.9795918367346939, 0.9795918367346939, 0.9795918367346939, 0.9795918367346939, 0.9795918367346939, 0.9795918367346939, 0.9795918367346939, 1.0, 1.0, 1.0, 1.0, 1.0, 1.0, 1.0, 1.0, 1.0, 1.0, 1.0, 1.0, 1.0, 1.0, 1.0]
[0, 0, 1.0, 1.0, 1.0, 0.75, 0.8, 0.6666666666666666, 0.5714285714285714, 0.625, 0.6666666666666666, 0.7, 0.6363636363636364, 0.6666666666666666, 0.6923076923076923, 0.7142857142857143, 0.7333333333333333, 0.75, 0.7058823529411765, 0.7222222222222222, 0.7368421052631579, 0.75, 0.7142857142857143, 0.6818181818181818, 0.6521739130434783, 0.625, 0.6, 0.6153846153846154, 0.5925925925925926, 0.5714285714285714, 0.5517241379310345, 0.5333333333333333, 0.5161290322580645, 0.5, 0.48484848484848486, 0.5, 0.4857142857142857, 0.4722222222222222, 0.4594594594594595, 0.47368421052631576, 0.46153846153846156, 0.45, 0.4634146341463415, 0.4523809523809524, 0.4418604651162791, 0.4318181818181818, 0.4222222222222222, 0.43478260869565216, 0.425531914893617, 0.4375, 0.42857142857142855, 0.42, 0.4117647058823529, 0.4230769230769231, 0.41509433962264153, 0.4074074074074074, 0.41818181818181815, 0.4107142857142857, 0.40350877192982454, 0.39655172413793105, 0.3898305084745763, 0.38333333333333336, 0.3770491803278688, 0.3870967741935484, 0.38095238095238093, 0.375, 0.36923076923076925, 0.3787878787878788, 0.373134328358209, 0.36764705882352944, 0.36231884057971014, 0.37142857142857144, 0.36619718309859156, 0.3611111111111111, 0.3561643835616438, 0.35135135135135137, 0.3466666666666667, 0.35526315789473684, 0.35064935064935066, 0.34615384615384615, 0.35443037974683544, 0.35, 0.35802469135802467, 0.35365853658536583, 0.3493975903614458, 0.34523809523809523, 0.35294117647058826, 0.3488372093023256, 0.3448275862068966, 0.3409090909090909, 0.33707865168539325, 0.3333333333333333, 0.34065934065934067, 0.34782608695652173, 0.3548387096774194, 0.3617021276595745, 0.3684210526315789, 0.3645833333333333, 0.36082474226804123, 0.3673469387755102, 0.37373737373737376, 0.38, 0.37623762376237624, 0.37254901960784315, 0.36893203883495146, 0.375, 0.38095238095238093, 0.37735849056603776, 0.37383177570093457, 0.37037037037037035, 0.3761467889908257, 0.38181818181818183, 0.3783783783783784, 0.38392857142857145, 0.3805309734513274, 0.38596491228070173, 0.391304347826087, 0.3879310344827586, 0.38461538461538464, 0.3813559322033898, 0.37815126050420167, 0.375, 0.38016528925619836, 0.3770491803278688, 0.37398373983739835, 0.3790322580645161, 0.376, 0.38095238095238093, 0.3779527559055118, 0.375, 0.37209302325581395, 0.36923076923076925, 0.366412213740458, 0.36363636363636365, 0.3609022556390977, 0.3582089552238806, 0.35555555555555557, 0.35294117647058826, 0.35036496350364965, 0.34782608695652173, 0.34532374100719426, 0.34285714285714286, 0.3475177304964539, 0.34507042253521125, 0.34265734265734266, 0.3402777777777778, 0.33793103448275863, 0.3356164383561644, 0.3333333333333333, 0.3310810810810811, 0.3288590604026846, 0.32666666666666666, 0.32450331125827814, 0.3223684210526316, 0.3202614379084967, 0.3181818181818182, 0.3161290322580645]
[(112, 152), (39, 156), (65, 104), (71, 73), (47, 127), (73, 159), (146, 171), (169, 196), (8, 126), (108, 124), (47, 73), (178, 180), (132, 160), (76, 95), (72, 186), (17, 148), (16, 189), (71, 172), (29, 153), (65, 87), (73, 187), (62, 189), (8, 185), (76, 180), (39, 153), (189, 196), (28, 143), (83, 196), (33, 87), (77, 198), (28, 55), (29, 89), (95, 180), (93, 189), (56, 134), (96, 171), (90, 122), (32, 166), (58, 196), (97, 98), (28, 147), (159, 174), (47, 61), (93, 197), (83, 169), (23, 62), (89, 153), (60, 172), (61, 127), (61, 172), (55, 79), (79, 147), (55, 143), (152, 172), (10, 198), (47, 83), (93, 196), (16, 23), (79, 83), (127, 196), (96, 104), (89, 156), (95, 178), (83, 93), (61, 73), (57, 148), (64, 149), (28, 79), (83, 197), (10, 77), (60, 71), (60, 61), (17, 57), (58, 90), (87, 96), (126, 185), (29, 156), (169, 189), (169, 175), (147, 197), (29, 39), (76, 115), (93, 175), (153, 156), (24, 33), (65, 146), (32, 118), (174, 189), (159, 197), (61, 174), (58, 122), (123, 165), (79, 143), (92, 155), (7, 134), (71, 159), (61, 197), (16, 62), (76, 178), (61, 159), (159, 172), (60, 152), (143, 147), (51, 53), (174, 197), (175, 196), (93, 174), (93, 169), (9, 103), (96, 146), (39, 89), (127, 197), (47, 197), (73, 172), (104, 146), (73, 152), (65, 96), (60, 112), (47, 174), (15, 160), (15, 132), (196, 197), (65, 147), (83, 147), (110, 155), (55, 83), (33, 166), (96, 126), (96, 185), (55, 147), (112, 172), (73, 112), (87, 104), (127, 174), (17, 28), (58, 171), (73, 197), (9, 73), (73, 127), (87, 146), (61, 71), (83, 143), (33, 122), (147, 174), (147, 159), (83, 174), (28, 83), (73, 103), (60, 159), (60, 73), (189, 197), (24, 169), (175, 189), (127, 147), (83, 127)]
493.14869977
NEW OPT FOUND
157
157
OPT PARAMS
0.001
0.00115
(0.00115, 0.001)
======PARAMS
0.0025
0.002875
Average Selection iterations
161.38
SUFFICIENT STATS
19900
Recall
1.0
Precision
0.5
F1-score
0.666666666667
False
[0, 0, 0.02040816326530612, 0.04081632653061224, 0.061224489795918366, 0.061224489795918366, 0.08163265306122448, 0.08163265306122448, 0.10204081632653061, 0.12244897959183673, 0.14285714285714285, 0.16326530612244897, 0.1836734693877551, 0.20408163265306123, 0.22448979591836735, 0.24489795918367346, 0.2653061224489796, 0.2857142857142857, 0.30612244897959184, 0.30612244897959184, 0.30612244897959184, 0.30612244897959184, 0.32653061224489793, 0.32653061224489793, 0.32653061224489793, 0.32653061224489793, 0.32653061224489793, 0.3469387755102041, 0.3469387755102041, 0.3673469387755102, 0.3877551020408163, 0.40816326530612246, 0.40816326530612246, 0.40816326530612246, 0.42857142857142855, 0.42857142857142855, 0.42857142857142855, 0.42857142857142855, 0.4489795918367347, 0.46938775510204084, 0.46938775510204084, 0.46938775510204084, 0.46938775510204084, 0.4897959183673469, 0.4897959183673469, 0.4897959183673469, 0.5102040816326531, 0.5102040816326531, 0.5102040816326531, 0.5102040816326531, 0.5102040816326531, 0.5306122448979592, 0.5306122448979592, 0.5510204081632653, 0.5510204081632653, 0.5510204081632653, 0.5510204081632653, 0.5510204081632653, 0.5510204081632653, 0.5714285714285714, 0.5918367346938775, 0.6122448979591837, 0.6122448979591837, 0.6122448979591837, 0.6326530612244898, 0.6326530612244898, 0.6326530612244898, 0.6326530612244898, 0.6530612244897959, 0.673469387755102, 0.6938775510204082, 0.7142857142857143, 0.7346938775510204, 0.7551020408163265, 0.7551020408163265, 0.7551020408163265, 0.7755102040816326, 0.7959183673469388, 0.8163265306122449, 0.8163265306122449, 0.8163265306122449, 0.8367346938775511, 0.8367346938775511, 0.8571428571428571, 0.8571428571428571, 0.8571428571428571, 0.8571428571428571, 0.8571428571428571, 0.8775510204081632, 0.8979591836734694, 0.8979591836734694, 0.8979591836734694, 0.9183673469387755, 0.9183673469387755, 0.9387755102040817, 0.9591836734693877, 0.9795918367346939, 0.9795918367346939, 0.9795918367346939, 1.0]
[0, 0, 1.0, 1.0, 1.0, 0.75, 0.8, 0.6666666666666666, 0.7142857142857143, 0.75, 0.7777777777777778, 0.8, 0.8181818181818182, 0.8333333333333334, 0.8461538461538461, 0.8571428571428571, 0.8666666666666667, 0.875, 0.8823529411764706, 0.8333333333333334, 0.7894736842105263, 0.75, 0.7619047619047619, 0.7272727272727273, 0.6956521739130435, 0.6666666666666666, 0.64, 0.6538461538461539, 0.6296296296296297, 0.6428571428571429, 0.6551724137931034, 0.6666666666666666, 0.6451612903225806, 0.625, 0.6363636363636364, 0.6176470588235294, 0.6, 0.5833333333333334, 0.5945945945945946, 0.6052631578947368, 0.5897435897435898, 0.575, 0.5609756097560976, 0.5714285714285714, 0.5581395348837209, 0.5454545454545454, 0.5555555555555556, 0.5434782608695652, 0.5319148936170213, 0.5208333333333334, 0.5102040816326531, 0.52, 0.5098039215686274, 0.5192307692307693, 0.5094339622641509, 0.5, 0.4909090909090909, 0.48214285714285715, 0.47368421052631576, 0.4827586206896552, 0.4915254237288136, 0.5, 0.4918032786885246, 0.4838709677419355, 0.49206349206349204, 0.484375, 0.47692307692307695, 0.4696969696969697, 0.47761194029850745, 0.4852941176470588, 0.4927536231884058, 0.5, 0.5070422535211268, 0.5138888888888888, 0.5068493150684932, 0.5, 0.5066666666666667, 0.5131578947368421, 0.5194805194805194, 0.5128205128205128, 0.5063291139240507, 0.5125, 0.5061728395061729, 0.5121951219512195, 0.5060240963855421, 0.5, 0.49411764705882355, 0.4883720930232558, 0.4942528735632184, 0.5, 0.4943820224719101, 0.4888888888888889, 0.4945054945054945, 0.4891304347826087, 0.4946236559139785, 0.5, 0.5052631578947369, 0.5, 0.4948453608247423, 0.5]
[(112, 152), (39, 156), (65, 104), (71, 73), (47, 127), (73, 159), (169, 196), (8, 126), (108, 124), (178, 180), (132, 160), (76, 95), (72, 186), (17, 148), (71, 172), (29, 153), (65, 87), (8, 185), (76, 180), (39, 153), (189, 196), (28, 143), (77, 198), (28, 55), (95, 180), (93, 189), (29, 89), (32, 166), (28, 147), (23, 62), (87, 146), (89, 153), (60, 172), (55, 79), (55, 143), (61, 172), (10, 198), (79, 147), (93, 196), (16, 23), (96, 104), (89, 156), (79, 83), (95, 178), (57, 148), (61, 73), (127, 174), (60, 71), (39, 89), (126, 185), (29, 156), (10, 77), (65, 96), (60, 61), (17, 57), (93, 175), (169, 189), (169, 175), (29, 39), (15, 132), (83, 143), (153, 156), (24, 33), (65, 146), (175, 189), (87, 104), (58, 122), (123, 165), (61, 71), (79, 143), (92, 155), (7, 134), (71, 159), (28, 79), (16, 62), (76, 178), (61, 159), (159, 172), (143, 147), (51, 53), (55, 147), (174, 197), (60, 159), (175, 196), (60, 73), (93, 169), (9, 103), (96, 146), (28, 83), (87, 96), (127, 197), (47, 197), (73, 172), (104, 146), (55, 83), (47, 174), (15, 160), (83, 147)]
429.36055122
NEW OPT FOUND
100
100
OPT PARAMS
0.0025
0.002875
(0.002875, 0.0025)
======PARAMS
0.005
0.00575
Average Selection iterations
171.105263158
SUFFICIENT STATS
19900
Recall
1.0
Precision
0.52688172043
F1-score
0.69014084507
False
[0, 0, 0.02040816326530612, 0.04081632653061224, 0.061224489795918366, 0.061224489795918366, 0.08163265306122448, 0.08163265306122448, 0.10204081632653061, 0.12244897959183673, 0.14285714285714285, 0.16326530612244897, 0.1836734693877551, 0.20408163265306123, 0.22448979591836735, 0.24489795918367346, 0.2653061224489796, 0.2857142857142857, 0.30612244897959184, 0.30612244897959184, 0.30612244897959184, 0.30612244897959184, 0.32653061224489793, 0.32653061224489793, 0.32653061224489793, 0.32653061224489793, 0.3469387755102041, 0.3469387755102041, 0.3673469387755102, 0.3877551020408163, 0.40816326530612246, 0.40816326530612246, 0.40816326530612246, 0.42857142857142855, 0.42857142857142855, 0.4489795918367347, 0.46938775510204084, 0.46938775510204084, 0.46938775510204084, 0.46938775510204084, 0.4897959183673469, 0.4897959183673469, 0.5102040816326531, 0.5102040816326531, 0.5102040816326531, 0.5102040816326531, 0.5102040816326531, 0.5306122448979592, 0.5306122448979592, 0.5510204081632653, 0.5510204081632653, 0.5510204081632653, 0.5510204081632653, 0.5510204081632653, 0.5510204081632653, 0.5714285714285714, 0.5918367346938775, 0.6122448979591837, 0.6122448979591837, 0.6326530612244898, 0.6326530612244898, 0.6326530612244898, 0.6326530612244898, 0.6530612244897959, 0.673469387755102, 0.6938775510204082, 0.7142857142857143, 0.7346938775510204, 0.7346938775510204, 0.7551020408163265, 0.7755102040816326, 0.7755102040816326, 0.7755102040816326, 0.7959183673469388, 0.7959183673469388, 0.8163265306122449, 0.8163265306122449, 0.8163265306122449, 0.8163265306122449, 0.8163265306122449, 0.8367346938775511, 0.8571428571428571, 0.8571428571428571, 0.8775510204081632, 0.8775510204081632, 0.8979591836734694, 0.9183673469387755, 0.9387755102040817, 0.9387755102040817, 0.9387755102040817, 0.9591836734693877, 0.9795918367346939, 0.9795918367346939, 0.9795918367346939, 1.0]
[0, 0, 1.0, 1.0, 1.0, 0.75, 0.8, 0.6666666666666666, 0.7142857142857143, 0.75, 0.7777777777777778, 0.8, 0.8181818181818182, 0.8333333333333334, 0.8461538461538461, 0.8571428571428571, 0.8666666666666667, 0.875, 0.8823529411764706, 0.8333333333333334, 0.7894736842105263, 0.75, 0.7619047619047619, 0.7272727272727273, 0.6956521739130435, 0.6666666666666666, 0.68, 0.6538461538461539, 0.6666666666666666, 0.6785714285714286, 0.6896551724137931, 0.6666666666666666, 0.6451612903225806, 0.65625, 0.6363636363636364, 0.6470588235294118, 0.6571428571428571, 0.6388888888888888, 0.6216216216216216, 0.6052631578947368, 0.6153846153846154, 0.6, 0.6097560975609756, 0.5952380952380952, 0.5813953488372093, 0.5681818181818182, 0.5555555555555556, 0.5652173913043478, 0.5531914893617021, 0.5625, 0.5510204081632653, 0.54, 0.5294117647058824, 0.5192307692307693, 0.5094339622641509, 0.5185185185185185, 0.5272727272727272, 0.5357142857142857, 0.5263157894736842, 0.5344827586206896, 0.5254237288135594, 0.5166666666666667, 0.5081967213114754, 0.5161290322580645, 0.5238095238095238, 0.53125, 0.5384615384615384, 0.5454545454545454, 0.5373134328358209, 0.5441176470588235, 0.5507246376811594, 0.5428571428571428, 0.5352112676056338, 0.5416666666666666, 0.5342465753424658, 0.5405405405405406, 0.5333333333333333, 0.5263157894736842, 0.5194805194805194, 0.5128205128205128, 0.5189873417721519, 0.525, 0.5185185185185185, 0.524390243902439, 0.5180722891566265, 0.5238095238095238, 0.5294117647058824, 0.5348837209302325, 0.5287356321839081, 0.5227272727272727, 0.5280898876404494, 0.5333333333333333, 0.5274725274725275, 0.5217391304347826, 0.5268817204301075]
[(112, 152), (39, 156), (65, 104), (71, 73), (47, 127), (73, 159), (169, 196), (8, 126), (108, 124), (178, 180), (132, 160), (76, 95), (72, 186), (17, 148), (71, 172), (29, 153), (65, 87), (8, 185), (76, 180), (39, 153), (189, 196), (28, 143), (77, 198), (28, 55), (93, 189), (29, 89), (32, 166), (28, 147), (23, 62), (87, 146), (89, 153), (60, 172), (61, 172), (10, 198), (79, 147), (93, 196), (16, 23), (96, 104), (89, 156), (79, 83), (57, 148), (61, 73), (127, 174), (60, 71), (39, 89), (126, 185), (29, 156), (10, 77), (65, 96), (93, 175), (60, 61), (17, 57), (169, 189), (169, 175), (15, 132), (29, 39), (153, 156), (24, 33), (65, 146), (175, 189), (87, 104), (58, 122), (123, 165), (61, 71), (92, 155), (7, 134), (71, 159), (16, 62), (61, 159), (159, 172), (143, 147), (51, 53), (55, 147), (174, 197), (60, 159), (175, 196), (60, 73), (93, 169), (9, 103), (96, 146), (87, 96), (127, 197), (47, 197), (104, 146), (73, 172), (55, 83), (47, 174), (15, 160), (83, 147), (79, 143), (28, 83), (28, 79), (76, 178)]
433.905140684
NEW OPT FOUND
95
95
OPT PARAMS
0.005
0.00575
(0.00575, 0.005)
======PARAMS
0.0075
0.008625
Average Selection iterations
186.977272727
SUFFICIENT STATS
19900
Recall
1.0
Precision
0.56976744186
F1-score
0.725925925926
False
[0, 0, 0.02040816326530612, 0.04081632653061224, 0.061224489795918366, 0.061224489795918366, 0.08163265306122448, 0.10204081632653061, 0.12244897959183673, 0.14285714285714285, 0.16326530612244897, 0.1836734693877551, 0.20408163265306123, 0.22448979591836735, 0.24489795918367346, 0.2653061224489796, 0.2857142857142857, 0.30612244897959184, 0.30612244897959184, 0.30612244897959184, 0.32653061224489793, 0.32653061224489793, 0.32653061224489793, 0.32653061224489793, 0.3469387755102041, 0.3673469387755102, 0.3877551020408163, 0.40816326530612246, 0.40816326530612246, 0.42857142857142855, 0.4489795918367347, 0.4489795918367347, 0.46938775510204084, 0.46938775510204084, 0.46938775510204084, 0.46938775510204084, 0.4897959183673469, 0.5102040816326531, 0.5102040816326531, 0.5102040816326531, 0.5102040816326531, 0.5102040816326531, 0.5306122448979592, 0.5306122448979592, 0.5306122448979592, 0.5510204081632653, 0.5510204081632653, 0.5510204081632653, 0.5714285714285714, 0.5714285714285714, 0.5918367346938775, 0.6122448979591837, 0.6122448979591837, 0.6122448979591837, 0.6122448979591837, 0.6326530612244898, 0.6530612244897959, 0.673469387755102, 0.6938775510204082, 0.7142857142857143, 0.7346938775510204, 0.7551020408163265, 0.7755102040816326, 0.7755102040816326, 0.7755102040816326, 0.7959183673469388, 0.7959183673469388, 0.8163265306122449, 0.8163265306122449, 0.8163265306122449, 0.8163265306122449, 0.8367346938775511, 0.8367346938775511, 0.8571428571428571, 0.8571428571428571, 0.8775510204081632, 0.8979591836734694, 0.8979591836734694, 0.9183673469387755, 0.9387755102040817, 0.9387755102040817, 0.9387755102040817, 0.9387755102040817, 0.9591836734693877, 0.9795918367346939, 0.9795918367346939, 0.9795918367346939, 1.0]
[0, 0, 1.0, 1.0, 1.0, 0.75, 0.8, 0.8333333333333334, 0.8571428571428571, 0.875, 0.8888888888888888, 0.9, 0.9090909090909091, 0.9166666666666666, 0.9230769230769231, 0.9285714285714286, 0.9333333333333333, 0.9375, 0.8823529411764706, 0.8333333333333334, 0.8421052631578947, 0.8, 0.7619047619047619, 0.7272727272727273, 0.7391304347826086, 0.75, 0.76, 0.7692307692307693, 0.7407407407407407, 0.75, 0.7586206896551724, 0.7333333333333333, 0.7419354838709677, 0.71875, 0.696969696969697, 0.6764705882352942, 0.6857142857142857, 0.6944444444444444, 0.6756756756756757, 0.6578947368421053, 0.6410256410256411, 0.625, 0.6341463414634146, 0.6190476190476191, 0.6046511627906976, 0.6136363636363636, 0.6, 0.5869565217391305, 0.5957446808510638, 0.5833333333333334, 0.5918367346938775, 0.6, 0.5882352941176471, 0.5769230769230769, 0.5660377358490566, 0.5740740740740741, 0.5818181818181818, 0.5892857142857143, 0.5964912280701754, 0.603448275862069, 0.6101694915254238, 0.6166666666666667, 0.6229508196721312, 0.6129032258064516, 0.6031746031746031, 0.609375, 0.6, 0.6060606060606061, 0.5970149253731343, 0.5882352941176471, 0.5797101449275363, 0.5857142857142857, 0.5774647887323944, 0.5833333333333334, 0.5753424657534246, 0.581081081081081, 0.5866666666666667, 0.5789473684210527, 0.5844155844155844, 0.5897435897435898, 0.5822784810126582, 0.575, 0.5679012345679012, 0.573170731707317, 0.5783132530120482, 0.5714285714285714, 0.5647058823529412, 0.5697674418604651]
[(112, 152), (39, 156), (65, 104), (71, 73), (47, 127), (169, 196), (8, 126), (108, 124), (178, 180), (132, 160), (76, 95), (72, 186), (17, 148), (71, 172), (29, 153), (65, 87), (8, 185), (39, 153), (189, 196), (28, 143), (77, 198), (28, 55), (93, 189), (32, 166), (28, 147), (23, 62), (87, 146), (60, 172), (10, 198), (61, 172), (79, 147), (93, 196), (16, 23), (96, 104), (89, 156), (57, 148), (60, 71), (61, 73), (127, 174), (39, 89), (126, 185), (65, 96), (93, 175), (10, 77), (60, 61), (17, 57), (15, 132), (169, 189), (169, 175), (24, 33), (65, 146), (175, 189), (87, 104), (58, 122), (123, 165), (61, 71), (79, 143), (92, 155), (7, 134), (16, 62), (61, 159), (159, 172), (143, 147), (51, 53), (55, 147), (174, 197), (60, 159), (175, 196), (60, 73), (9, 103), (87, 96), (127, 197), (93, 169), (104, 146), (96, 146), (47, 197), (55, 83), (73, 172), (47, 174), (15, 160), (71, 159), (29, 39), (83, 147), (28, 83), (28, 79), (76, 178)]
435.648686672
NEW OPT FOUND
88
88
OPT PARAMS
0.0075
0.008625
(0.008624999999999999, 0.0075)
======PARAMS
0.01
0.0115
Average Selection iterations
196.845238095
SUFFICIENT STATS
19900
Recall
0.979591836735
Precision
0.585365853659
F1-score
0.732824427481
False
[0, 0, 0.02040816326530612, 0.04081632653061224, 0.061224489795918366, 0.061224489795918366, 0.08163265306122448, 0.10204081632653061, 0.12244897959183673, 0.14285714285714285, 0.16326530612244897, 0.1836734693877551, 0.20408163265306123, 0.22448979591836735, 0.24489795918367346, 0.2653061224489796, 0.2857142857142857, 0.30612244897959184, 0.30612244897959184, 0.30612244897959184, 0.32653061224489793, 0.32653061224489793, 0.32653061224489793, 0.3469387755102041, 0.3673469387755102, 0.3877551020408163, 0.40816326530612246, 0.40816326530612246, 0.42857142857142855, 0.4489795918367347, 0.4489795918367347, 0.46938775510204084, 0.46938775510204084, 0.46938775510204084, 0.46938775510204084, 0.4897959183673469, 0.5102040816326531, 0.5102040816326531, 0.5102040816326531, 0.5102040816326531, 0.5306122448979592, 0.5306122448979592, 0.5306122448979592, 0.5510204081632653, 0.5510204081632653, 0.5510204081632653, 0.5714285714285714, 0.5714285714285714, 0.5918367346938775, 0.6122448979591837, 0.6122448979591837, 0.6122448979591837, 0.6122448979591837, 0.6326530612244898, 0.6530612244897959, 0.673469387755102, 0.6938775510204082, 0.7142857142857143, 0.7346938775510204, 0.7551020408163265, 0.7551020408163265, 0.7551020408163265, 0.7755102040816326, 0.7755102040816326, 0.7959183673469388, 0.7959183673469388, 0.7959183673469388, 0.8163265306122449, 0.8163265306122449, 0.8367346938775511, 0.8571428571428571, 0.8571428571428571, 0.8775510204081632, 0.8775510204081632, 0.8979591836734694, 0.8979591836734694, 0.8979591836734694, 0.8979591836734694, 0.9183673469387755, 0.9387755102040817, 0.9591836734693877, 0.9591836734693877, 0.9795918367346939, 0.9795918367346939]
[0, 0, 1.0, 1.0, 1.0, 0.75, 0.8, 0.8333333333333334, 0.8571428571428571, 0.875, 0.8888888888888888, 0.9, 0.9090909090909091, 0.9166666666666666, 0.9230769230769231, 0.9285714285714286, 0.9333333333333333, 0.9375, 0.8823529411764706, 0.8333333333333334, 0.8421052631578947, 0.8, 0.7619047619047619, 0.7727272727272727, 0.782608695652174, 0.7916666666666666, 0.8, 0.7692307692307693, 0.7777777777777778, 0.7857142857142857, 0.7586206896551724, 0.7666666666666667, 0.7419354838709677, 0.71875, 0.696969696969697, 0.7058823529411765, 0.7142857142857143, 0.6944444444444444, 0.6756756756756757, 0.6578947368421053, 0.6666666666666666, 0.65, 0.6341463414634146, 0.6428571428571429, 0.627906976744186, 0.6136363636363636, 0.6222222222222222, 0.6086956521739131, 0.6170212765957447, 0.625, 0.6122448979591837, 0.6, 0.5882352941176471, 0.5961538461538461, 0.6037735849056604, 0.6111111111111112, 0.6181818181818182, 0.625, 0.631578947368421, 0.6379310344827587, 0.6271186440677966, 0.6166666666666667, 0.6229508196721312, 0.6129032258064516, 0.6190476190476191, 0.609375, 0.6, 0.6060606060606061, 0.5970149253731343, 0.6029411764705882, 0.6086956521739131, 0.6, 0.6056338028169014, 0.5972222222222222, 0.6027397260273972, 0.5945945945945946, 0.5866666666666667, 0.5789473684210527, 0.5844155844155844, 0.5897435897435898, 0.5949367088607594, 0.5875, 0.5925925925925926, 0.5853658536585366]
[(112, 152), (39, 156), (65, 104), (71, 73), (47, 127), (169, 196), (8, 126), (108, 124), (178, 180), (132, 160), (76, 95), (72, 186), (17, 148), (71, 172), (29, 153), (65, 87), (8, 185), (39, 153), (189, 196), (77, 198), (28, 55), (93, 189), (32, 166), (28, 147), (23, 62), (87, 146), (60, 172), (10, 198), (61, 172), (79, 147), (93, 196), (16, 23), (96, 104), (89, 156), (57, 148), (60, 71), (127, 174), (39, 89), (126, 185), (65, 96), (93, 175), (10, 77), (60, 61), (17, 57), (15, 132), (169, 189), (169, 175), (24, 33), (65, 146), (175, 189), (87, 104), (58, 122), (123, 165), (79, 143), (92, 155), (7, 134), (16, 62), (61, 159), (159, 172), (143, 147), (51, 53), (55, 147), (174, 197), (175, 196), (60, 73), (9, 103), (87, 96), (127, 197), (104, 146), (93, 169), (96, 146), (28, 83), (55, 83), (47, 197), (47, 174), (15, 160), (73, 172), (61, 71), (29, 39), (71, 159), (83, 147), (28, 79)]
437.208999145
NEW OPT FOUND
84
84
OPT PARAMS
0.01
0.0115
(0.0115, 0.01)
======PARAMS
0.025
0.02875
Average Selection iterations
382.326086957
SUFFICIENT STATS
19900
Recall
0.734693877551
Precision
0.818181818182
F1-score
0.774193548387
False
[0, 0, 0.02040816326530612, 0.04081632653061224, 0.061224489795918366, 0.08163265306122448, 0.10204081632653061, 0.12244897959183673, 0.14285714285714285, 0.16326530612244897, 0.1836734693877551, 0.1836734693877551, 0.20408163265306123, 0.22448979591836735, 0.24489795918367346, 0.2653061224489796, 0.2857142857142857, 0.30612244897959184, 0.32653061224489793, 0.32653061224489793, 0.32653061224489793, 0.32653061224489793, 0.3469387755102041, 0.3673469387755102, 0.3877551020408163, 0.40816326530612246, 0.42857142857142855, 0.42857142857142855, 0.4489795918367347, 0.46938775510204084, 0.4897959183673469, 0.5102040816326531, 0.5306122448979592, 0.5510204081632653, 0.5714285714285714, 0.5918367346938775, 0.6122448979591837, 0.6326530612244898, 0.6530612244897959, 0.673469387755102, 0.6938775510204082, 0.6938775510204082, 0.7142857142857143, 0.7346938775510204, 0.7346938775510204, 0.7346938775510204]
[0, 0, 1.0, 1.0, 1.0, 1.0, 1.0, 1.0, 1.0, 1.0, 1.0, 0.9, 0.9090909090909091, 0.9166666666666666, 0.9230769230769231, 0.9285714285714286, 0.9333333333333333, 0.9375, 0.9411764705882353, 0.8888888888888888, 0.8421052631578947, 0.8, 0.8095238095238095, 0.8181818181818182, 0.8260869565217391, 0.8333333333333334, 0.84, 0.8076923076923077, 0.8148148148148148, 0.8214285714285714, 0.8275862068965517, 0.8333333333333334, 0.8387096774193549, 0.84375, 0.8484848484848485, 0.8529411764705882, 0.8571428571428571, 0.8611111111111112, 0.8648648648648649, 0.868421052631579, 0.8717948717948718, 0.85, 0.8536585365853658, 0.8571428571428571, 0.8372093023255814, 0.8181818181818182]
[(112, 152), (39, 156), (65, 104), (47, 127), (169, 196), (8, 126), (17, 148), (71, 172), (65, 87), (8, 185), (93, 189), (189, 196), (32, 166), (23, 62), (60, 172), (24, 33), (10, 198), (93, 196), (16, 23), (96, 104), (89, 156), (57, 148), (126, 185), (15, 132), (83, 147), (127, 174), (10, 77), (169, 175), (58, 122), (79, 143), (7, 134), (16, 62), (9, 103), (127, 197), (104, 146), (55, 83), (92, 155), (61, 159), (51, 53), (55, 147), (174, 197), (96, 146), (47, 197), (47, 174)]
424.201840185
NEW OPT FOUND
46
46
OPT PARAMS
0.025
0.02875
(0.028749999999999998, 0.025)
======PARAMS
0.05
0.0575
Average Selection iterations
0.0
SUFFICIENT STATS
19900
Recall
0
Precision
0
F1-score
0
False
[0, 0]
[0, 0]
[]
407.048596041
======PARAMS
0.075
0.08625
Average Selection iterations
0.0
SUFFICIENT STATS
19900
Recall
0
Precision
0
F1-score
0
False
[0, 0]
[0, 0]
[]
415.073857431
======PARAMS
0.1
0.115
Average Selection iterations
0.0
SUFFICIENT STATS
19900
Recall
0
Precision
0
F1-score
0
False
[0, 0]
[0, 0]
[]
425.341537552
======PARAMS
0.25
0.2875
Average Selection iterations
0.0
SUFFICIENT STATS
19900
Recall
0
Precision
0
F1-score
0
False
[0, 0]
[0, 0]
[]
457.182890525
======PARAMS
0.5
0.575
