================================= ///////////////////START//////////////// =========================================
======================================Simulating data...
> Creating model
> Generating data
[0, 1, 2, 3, 4, 5, 6, 7, 8, 9]
{0: 10, 1: 10, 2: 10, 3: 10, 4: 10, 5: 10, 6: 10, 7: 10, 8: 10, 9: 10}
10
NUM VARIABLES
10
NUM EDGES
2
EDGES
[(0, 6), (3, 5)]
>>>>>>>>>>>>>>>>>>>>>METHOD: structured
======PARAMS
1e-05
1.15e-05
/home/walidch/mrf_project/MRFToolBox/mrftools/mrftools/Learner.py:118: FutureWarning: comparison to `None` will result in an elementwise object comparison in the future.
  if (self.tau_q == None or not self.fully_observed) and not (self.graft):
/home/walidch/mrf_project/MRFToolBox/mrftools/mrftools/Learner.py:132: FutureWarning: comparison to `None` will result in an elementwise object comparison in the future.
  if (self.tau_q == None or not self.fully_observed) and not (self.graft):
True
[0, 0, 0.0, 0.0, 0.0, 0.0]
[0, 0, 0.0, 0.0, 0.0, 0.0]
[(1, 9), (8, 9), (2, 5), (5, 8), (2, 8)]
======PARAMS
2.5e-05
2.875e-05
True
[0, 0, 0.0, 0.0, 0.0, 0.0]
[0, 0, 0.0, 0.0, 0.0, 0.0]
[(1, 9), (8, 9), (2, 5), (5, 8), (2, 8)]
======PARAMS
5e-05
5.75e-05
True
[0, 0, 0.0, 0.0, 0.0, 0.0]
[0, 0, 0.0, 0.0, 0.0, 0.0]
[(1, 9), (8, 9), (2, 5), (5, 8), (2, 8)]
======PARAMS
7.5e-05
8.625e-05
True
[0, 0, 0.0, 0.0, 0.0, 0.0]
[0, 0, 0.0, 0.0, 0.0, 0.0]
[(1, 9), (8, 9), (2, 5), (5, 8), (2, 8)]
======PARAMS
0.0001
0.000115
True
[0, 0, 0.0, 0.0, 0.0, 0.0]
[0, 0, 0.0, 0.0, 0.0, 0.0]
[(1, 9), (8, 9), (2, 5), (5, 8), (2, 8)]
======PARAMS
0.00025
0.0002875
True
[0, 0, 0.0, 0.0, 0.0, 0.0]
[0, 0, 0.0, 0.0, 0.0, 0.0]
[(1, 9), (8, 9), (2, 5), (5, 8), (2, 8)]
======PARAMS
0.0005
0.000575
True
[0, 0, 0.0, 0.0, 0.0, 0.0]
[0, 0, 0.0, 0.0, 0.0, 0.0]
[(1, 9), (8, 9), (2, 5), (5, 8), (2, 8)]
======PARAMS
0.00075
0.0008625
True
[0, 0, 0.0, 0.0, 0.0, 0.0]
[0, 0, 0.0, 0.0, 0.0, 0.0]
[(1, 9), (8, 9), (2, 5), (5, 8), (2, 8)]
======PARAMS
0.001
0.00115
True
[0, 0, 0.0, 0.0, 0.0, 0.0]
[0, 0, 0.0, 0.0, 0.0, 0.0]
[(1, 9), (8, 9), (2, 5), (5, 8), (2, 8)]
======PARAMS
0.0025
0.002875
Average Selection iterations
7.0
SUFFICIENT STATS
45
Recall
1.0
Precision
1.0
F1-score
1.0
False
[0, 0, 0.5, 1.0]
[0, 0, 1.0, 1.0]
[(0, 6), (3, 5)]
NEW OPT FOUND
4
4
OPT PARAMS
0.0025
0.002875
(0.002875, 0.0025)
OPT reached
OPT PARAMS
0.0025
0.002875
>>>>>>>>>>>>>>>>>>>>>METHOD: queue
Average Selection iterations
13.0
SUFFICIENT STATS
45
Recall
1.0
Precision
1.0
F1-score
1.0
4
4
>>>>>>>>>>>>>>>>>>>>>METHOD: Graft
SUFFICIENT STATS
45
Recall
1.0
Precision
1.0
F1-score
1.0
[(0, 6), (3, 5)]
[0, 0, 0.5, 1.0]
4
4
structured
queue
graft
======================================Simulating data...
> Creating model
> Generating data
[0, 1, 2, 3, 4, 5, 6, 7, 8, 9, 10, 11, 12, 13, 14, 15, 16, 17, 18, 19, 20, 21, 22, 23, 24, 25, 26, 27, 28, 29]
{0: 10, 1: 10, 2: 10, 3: 10, 4: 10, 5: 10, 6: 10, 7: 10, 8: 10, 9: 10, 10: 10, 11: 10, 12: 10, 13: 10, 14: 10, 15: 10, 16: 10, 17: 10, 18: 10, 19: 10, 20: 10, 21: 10, 22: 10, 23: 10, 24: 10, 25: 10, 26: 10, 27: 10, 28: 10, 29: 10}
10
NUM VARIABLES
30
NUM EDGES
7
EDGES
[(0, 7), (2, 23), (4, 12), (4, 19), (8, 17), (10, 14), (13, 28)]
>>>>>>>>>>>>>>>>>>>>>METHOD: structured
======PARAMS
1e-05
1.15e-05
True
[0, 0, 0.0, 0.0, 0.0, 0.0]
[0, 0, 0.0, 0.0, 0.0, 0.0]
[(2, 4), (8, 11), (8, 24), (2, 11), (2, 21)]
======PARAMS
2.5e-05
2.875e-05
True
[0, 0, 0.0, 0.0, 0.0, 0.0]
[0, 0, 0.0, 0.0, 0.0, 0.0]
[(2, 4), (8, 11), (8, 24), (2, 11), (2, 21)]
======PARAMS
5e-05
5.75e-05
True
[0, 0, 0.0, 0.0, 0.0, 0.0]
[0, 0, 0.0, 0.0, 0.0, 0.0]
[(2, 4), (8, 11), (8, 24), (2, 11), (2, 21)]
======PARAMS
7.5e-05
8.625e-05
True
[0, 0, 0.0, 0.0, 0.0, 0.0]
[0, 0, 0.0, 0.0, 0.0, 0.0]
[(2, 4), (8, 11), (8, 24), (2, 11), (2, 21)]
======PARAMS
0.0001
0.000115
True
[0, 0, 0.0, 0.0, 0.0, 0.0]
[0, 0, 0.0, 0.0, 0.0, 0.0]
[(2, 4), (8, 11), (8, 24), (2, 11), (2, 21)]
======PARAMS
0.00025
0.0002875
True
[0, 0, 0.0, 0.0, 0.0, 0.0]
[0, 0, 0.0, 0.0, 0.0, 0.0]
[(2, 4), (8, 11), (8, 24), (2, 11), (2, 21)]
======PARAMS
0.0005
0.000575
True
[0, 0, 0.0, 0.0, 0.0, 0.0]
[0, 0, 0.0, 0.0, 0.0, 0.0]
[(2, 4), (8, 11), (8, 24), (2, 11), (2, 21)]
======PARAMS
0.00075
0.0008625
True
[0, 0, 0.0, 0.0, 0.0, 0.0]
[0, 0, 0.0, 0.0, 0.0, 0.0]
[(2, 4), (8, 11), (8, 24), (2, 11), (2, 21)]
======PARAMS
0.001
0.00115
Average Selection iterations
13.8064516129
SUFFICIENT STATS
435
Recall
1.0
Precision
0.241379310345
F1-score
0.388888888889
False
[0, 0, 0.14285714285714285, 0.14285714285714285, 0.2857142857142857, 0.2857142857142857, 0.42857142857142855, 0.42857142857142855, 0.42857142857142855, 0.42857142857142855, 0.42857142857142855, 0.42857142857142855, 0.42857142857142855, 0.42857142857142855, 0.42857142857142855, 0.5714285714285714, 0.7142857142857143, 0.7142857142857143, 0.7142857142857143, 0.7142857142857143, 0.7142857142857143, 0.7142857142857143, 0.7142857142857143, 0.7142857142857143, 0.7142857142857143, 0.7142857142857143, 0.8571428571428571, 0.8571428571428571, 0.8571428571428571, 0.8571428571428571, 1.0]
[0, 0, 1.0, 0.5, 0.6666666666666666, 0.5, 0.6, 0.5, 0.42857142857142855, 0.375, 0.3333333333333333, 0.3, 0.2727272727272727, 0.25, 0.23076923076923078, 0.2857142857142857, 0.3333333333333333, 0.3125, 0.29411764705882354, 0.2777777777777778, 0.2631578947368421, 0.25, 0.23809523809523808, 0.22727272727272727, 0.21739130434782608, 0.20833333333333334, 0.24, 0.23076923076923078, 0.2222222222222222, 0.21428571428571427, 0.2413793103448276]
[(8, 17), (13, 17), (4, 12), (5, 25), (13, 28), (2, 28), (1, 27), (8, 22), (18, 21), (1, 28), (7, 25), (2, 7), (17, 28), (2, 23), (4, 19), (3, 27), (12, 19), (16, 28), (6, 29), (15, 16), (22, 27), (15, 27), (15, 24), (1, 15), (10, 14), (5, 16), (18, 29), (8, 18), (0, 7)]
NEW OPT FOUND
31
31
OPT PARAMS
0.001
0.00115
(0.00115, 0.001)
======PARAMS
0.0025
0.002875
Average Selection iterations
42.8
SUFFICIENT STATS
435
Recall
1.0
Precision
0.875
F1-score
0.933333333333
False
[0, 0, 0.14285714285714285, 0.2857142857142857, 0.42857142857142855, 0.5714285714285714, 0.7142857142857143, 0.7142857142857143, 0.8571428571428571, 1.0]
[0, 0, 1.0, 1.0, 1.0, 1.0, 1.0, 0.8333333333333334, 0.8571428571428571, 0.875]
[(8, 17), (4, 12), (13, 28), (2, 23), (4, 19), (12, 19), (10, 14), (0, 7)]
NEW OPT FOUND
10
10
OPT PARAMS
0.0025
0.002875
(0.002875, 0.0025)
OPT reached
OPT PARAMS
0.0025
0.002875
>>>>>>>>>>>>>>>>>>>>>METHOD: queue
Average Selection iterations
159.1
SUFFICIENT STATS
435
Recall
1.0
Precision
0.875
F1-score
0.933333333333
10
10
>>>>>>>>>>>>>>>>>>>>>METHOD: Graft
SUFFICIENT STATS
435
Recall
1.0
Precision
0.875
F1-score
0.933333333333
[(13, 28), (2, 23), (4, 12), (4, 19), (12, 19), (8, 17), (0, 7), (10, 14)]
[0, 0, 0.14285714285714285, 0.2857142857142857, 0.42857142857142855, 0.5714285714285714, 0.5714285714285714, 0.7142857142857143, 0.8571428571428571, 1.0]
10
10
structured
queue
graft
======================================Simulating data...
> Creating model
> Generating data
[0, 1, 2, 3, 4, 5, 6, 7, 8, 9, 10, 11, 12, 13, 14, 15, 16, 17, 18, 19, 20, 21, 22, 23, 24, 25, 26, 27, 28, 29, 30, 31, 32, 33, 34, 35, 36, 37, 38, 39, 40, 41, 42, 43, 44, 45, 46, 47, 48, 49]
{0: 10, 1: 10, 2: 10, 3: 10, 4: 10, 5: 10, 6: 10, 7: 10, 8: 10, 9: 10, 10: 10, 11: 10, 12: 10, 13: 10, 14: 10, 15: 10, 16: 10, 17: 10, 18: 10, 19: 10, 20: 10, 21: 10, 22: 10, 23: 10, 24: 10, 25: 10, 26: 10, 27: 10, 28: 10, 29: 10, 30: 10, 31: 10, 32: 10, 33: 10, 34: 10, 35: 10, 36: 10, 37: 10, 38: 10, 39: 10, 40: 10, 41: 10, 42: 10, 43: 10, 44: 10, 45: 10, 46: 10, 47: 10, 48: 10, 49: 10}
10
NUM VARIABLES
50
NUM EDGES
12
EDGES
[(0, 38), (1, 46), (2, 4), (5, 8), (7, 48), (8, 39), (14, 17), (15, 41), (16, 28), (21, 47), (34, 37), (38, 44)]
>>>>>>>>>>>>>>>>>>>>>METHOD: structured
======PARAMS
1e-05
1.15e-05
True
[0, 0, 0.0, 0.0, 0.0, 0.0]
[0, 0, 0.0, 0.0, 0.0, 0.0]
[(16, 38), (0, 21), (14, 49), (11, 13), (26, 44)]
======PARAMS
2.5e-05
2.875e-05
True
[0, 0, 0.0, 0.0, 0.0, 0.0]
[0, 0, 0.0, 0.0, 0.0, 0.0]
[(16, 38), (0, 21), (14, 49), (11, 13), (26, 44)]
======PARAMS
5e-05
5.75e-05
True
[0, 0, 0.0, 0.0, 0.0, 0.0]
[0, 0, 0.0, 0.0, 0.0, 0.0]
[(16, 38), (0, 21), (14, 49), (11, 13), (26, 44)]
======PARAMS
7.5e-05
8.625e-05
True
[0, 0, 0.0, 0.0, 0.0, 0.0]
[0, 0, 0.0, 0.0, 0.0, 0.0]
[(16, 38), (0, 21), (14, 49), (11, 13), (26, 44)]
======PARAMS
0.0001
0.000115
True
[0, 0, 0.0, 0.0, 0.0, 0.0]
[0, 0, 0.0, 0.0, 0.0, 0.0]
[(16, 38), (0, 21), (14, 49), (11, 13), (26, 44)]
======PARAMS
0.00025
0.0002875
True
[0, 0, 0.0, 0.0, 0.0, 0.0]
[0, 0, 0.0, 0.0, 0.0, 0.0]
[(16, 38), (0, 21), (14, 49), (11, 13), (26, 44)]
======PARAMS
0.0005
0.000575
True
[0, 0, 0.0, 0.0, 0.0, 0.0]
[0, 0, 0.0, 0.0, 0.0, 0.0]
[(0, 21), (14, 49), (11, 13), (26, 44), (1, 12)]
======PARAMS
0.00075
0.0008625
True
[0, 0, 0.0, 0.0, 0.0, 0.0]
[0, 0, 0.0, 0.0, 0.0, 0.0]
[(14, 49), (29, 36), (26, 37), (22, 25), (21, 47)]
======PARAMS
0.001
0.00115
Average Selection iterations
68.3125
SUFFICIENT STATS
1225
Recall
1.0
Precision
0.857142857143
F1-score
0.923076923077
False
[0, 0, 0.08333333333333333, 0.16666666666666666, 0.25, 0.3333333333333333, 0.3333333333333333, 0.4166666666666667, 0.4166666666666667, 0.5, 0.5833333333333334, 0.6666666666666666, 0.75, 0.8333333333333334, 0.9166666666666666, 1.0]
[0, 0, 1.0, 1.0, 1.0, 1.0, 0.8, 0.8333333333333334, 0.7142857142857143, 0.75, 0.7777777777777778, 0.8, 0.8181818181818182, 0.8333333333333334, 0.8461538461538461, 0.8571428571428571]
[(21, 47), (7, 48), (2, 4), (34, 37), (5, 39), (15, 41), (0, 44), (16, 28), (1, 46), (5, 8), (0, 38), (14, 17), (38, 44), (8, 39)]
NEW OPT FOUND
16
16
OPT PARAMS
0.001
0.00115
(0.00115, 0.001)
OPT reached
OPT PARAMS
0.001
0.00115
>>>>>>>>>>>>>>>>>>>>>METHOD: queue
Average Selection iterations
559.75
SUFFICIENT STATS
1225
Recall
1.0
Precision
0.857142857143
F1-score
0.923076923077
16
16
>>>>>>>>>>>>>>>>>>>>>METHOD: Graft
SUFFICIENT STATS
1225
Recall
1.0
Precision
0.857142857143
F1-score
0.923076923077
[(1, 46), (21, 47), (2, 4), (34, 37), (8, 39), (14, 17), (38, 44), (15, 41), (16, 28), (5, 8), (0, 38), (0, 44), (7, 48), (5, 39)]
[0, 0, 0.08333333333333333, 0.16666666666666666, 0.25, 0.3333333333333333, 0.4166666666666667, 0.5, 0.5833333333333334, 0.6666666666666666, 0.75, 0.8333333333333334, 0.9166666666666666, 0.9166666666666666, 1.0, 1.0]
16
16
structured
queue
graft
======================================Simulating data...
> Creating model
> Generating data
[0, 1, 2, 3, 4, 5, 6, 7, 8, 9, 10, 11, 12, 13, 14, 15, 16, 17, 18, 19, 20, 21, 22, 23, 24, 25, 26, 27, 28, 29, 30, 31, 32, 33, 34, 35, 36, 37, 38, 39, 40, 41, 42, 43, 44, 45, 46, 47, 48, 49, 50, 51, 52, 53, 54, 55, 56, 57, 58, 59, 60, 61, 62, 63, 64, 65, 66, 67, 68, 69]
{0: 10, 1: 10, 2: 10, 3: 10, 4: 10, 5: 10, 6: 10, 7: 10, 8: 10, 9: 10, 10: 10, 11: 10, 12: 10, 13: 10, 14: 10, 15: 10, 16: 10, 17: 10, 18: 10, 19: 10, 20: 10, 21: 10, 22: 10, 23: 10, 24: 10, 25: 10, 26: 10, 27: 10, 28: 10, 29: 10, 30: 10, 31: 10, 32: 10, 33: 10, 34: 10, 35: 10, 36: 10, 37: 10, 38: 10, 39: 10, 40: 10, 41: 10, 42: 10, 43: 10, 44: 10, 45: 10, 46: 10, 47: 10, 48: 10, 49: 10, 50: 10, 51: 10, 52: 10, 53: 10, 54: 10, 55: 10, 56: 10, 57: 10, 58: 10, 59: 10, 60: 10, 61: 10, 62: 10, 63: 10, 64: 10, 65: 10, 66: 10, 67: 10, 68: 10, 69: 10}
10
NUM VARIABLES
70
NUM EDGES
17
EDGES
[(1, 15), (3, 12), (7, 69), (8, 52), (10, 40), (12, 43), (12, 58), (15, 36), (20, 22), (22, 44), (23, 68), (30, 39), (31, 54), (34, 56), (42, 65), (49, 61), (61, 69)]
>>>>>>>>>>>>>>>>>>>>>METHOD: structured
======PARAMS
1e-05
1.15e-05
True
[0, 0, 0.0, 0.0, 0.0, 0.0]
[0, 0, 0.0, 0.0, 0.0, 0.0]
[(18, 36), (29, 69), (34, 50), (26, 47), (0, 11)]
======PARAMS
2.5e-05
2.875e-05
True
[0, 0, 0.0, 0.0, 0.0, 0.0]
[0, 0, 0.0, 0.0, 0.0, 0.0]
[(18, 36), (29, 69), (34, 50), (26, 47), (0, 11)]
======PARAMS
5e-05
5.75e-05
True
[0, 0, 0.0, 0.0, 0.0, 0.0]
[0, 0, 0.0, 0.0, 0.0, 0.0]
[(18, 36), (29, 69), (34, 50), (26, 47), (0, 11)]
======PARAMS
7.5e-05
8.625e-05
True
[0, 0, 0.0, 0.0, 0.0, 0.0]
[0, 0, 0.0, 0.0, 0.0, 0.0]
[(18, 36), (29, 69), (34, 50), (26, 47), (0, 11)]
======PARAMS
0.0001
0.000115
True
[0, 0, 0.0, 0.0, 0.0, 0.0]
[0, 0, 0.0, 0.0, 0.0, 0.0]
[(18, 36), (29, 69), (34, 50), (26, 47), (0, 11)]
======PARAMS
0.00025
0.0002875
True
[0, 0, 0.0, 0.0, 0.0, 0.0]
[0, 0, 0.0, 0.0, 0.0, 0.0]
[(18, 36), (29, 69), (34, 50), (26, 47), (0, 11)]
======PARAMS
0.0005
0.000575
True
[0, 0, 0.0, 0.0, 0.0, 0.0]
[0, 0, 0.0, 0.0, 0.0, 0.0]
[(18, 36), (29, 69), (34, 50), (0, 11), (47, 65)]
======PARAMS
0.00075
0.0008625
Average Selection iterations
56.9047619048
SUFFICIENT STATS
2415
Recall
1.0
Precision
0.425
F1-score
0.59649122807
False
[0, 0, 0.0, 0.058823529411764705, 0.058823529411764705, 0.11764705882352941, 0.11764705882352941, 0.11764705882352941, 0.11764705882352941, 0.11764705882352941, 0.11764705882352941, 0.11764705882352941, 0.17647058823529413, 0.23529411764705882, 0.29411764705882354, 0.29411764705882354, 0.35294117647058826, 0.4117647058823529, 0.4117647058823529, 0.4117647058823529, 0.47058823529411764, 0.5294117647058824, 0.5294117647058824, 0.5882352941176471, 0.5882352941176471, 0.5882352941176471, 0.6470588235294118, 0.7058823529411765, 0.7647058823529411, 0.7647058823529411, 0.8235294117647058, 0.8235294117647058, 0.8235294117647058, 0.8235294117647058, 0.8235294117647058, 0.8235294117647058, 0.8823529411764706, 0.8823529411764706, 0.8823529411764706, 0.9411764705882353, 1.0, 1.0]
[0, 0, 0.0, 0.5, 0.3333333333333333, 0.5, 0.4, 0.3333333333333333, 0.2857142857142857, 0.25, 0.2222222222222222, 0.2, 0.2727272727272727, 0.3333333333333333, 0.38461538461538464, 0.35714285714285715, 0.4, 0.4375, 0.4117647058823529, 0.3888888888888889, 0.42105263157894735, 0.45, 0.42857142857142855, 0.45454545454545453, 0.43478260869565216, 0.4166666666666667, 0.44, 0.46153846153846156, 0.48148148148148145, 0.4642857142857143, 0.4827586206896552, 0.4666666666666667, 0.45161290322580644, 0.4375, 0.42424242424242425, 0.4117647058823529, 0.42857142857142855, 0.4166666666666667, 0.40540540540540543, 0.42105263157894735, 0.4358974358974359, 0.425]
[(23, 69), (34, 56), (52, 56), (10, 40), (1, 12), (7, 49), (1, 58), (12, 44), (7, 58), (43, 58), (31, 54), (1, 15), (23, 68), (3, 58), (8, 52), (3, 12), (1, 43), (20, 44), (22, 44), (20, 22), (3, 44), (12, 43), (49, 69), (7, 43), (12, 58), (49, 61), (7, 69), (1, 36), (42, 65), (15, 58), (52, 65), (15, 43), (12, 15), (68, 69), (61, 69), (7, 61), (58, 61), (30, 39), (15, 36), (3, 43)]
NEW OPT FOUND
42
42
OPT PARAMS
0.00075
0.0008625
(0.0008625, 0.00075)
======PARAMS
0.001
0.00115
Average Selection iterations
88.5185185185
SUFFICIENT STATS
2415
Recall
1.0
Precision
0.68
F1-score
0.809523809524
False
[0, 0, 0.058823529411764705, 0.11764705882352941, 0.11764705882352941, 0.11764705882352941, 0.17647058823529413, 0.23529411764705882, 0.29411764705882354, 0.29411764705882354, 0.35294117647058826, 0.4117647058823529, 0.4117647058823529, 0.47058823529411764, 0.5294117647058824, 0.5882352941176471, 0.5882352941176471, 0.6470588235294118, 0.7058823529411765, 0.7647058823529411, 0.7647058823529411, 0.8235294117647058, 0.8823529411764706, 0.8823529411764706, 0.9411764705882353, 1.0, 1.0]
[0, 0, 1.0, 1.0, 0.6666666666666666, 0.5, 0.6, 0.6666666666666666, 0.7142857142857143, 0.625, 0.6666666666666666, 0.7, 0.6363636363636364, 0.6666666666666666, 0.6923076923076923, 0.7142857142857143, 0.6666666666666666, 0.6875, 0.7058823529411765, 0.7222222222222222, 0.6842105263157895, 0.7, 0.7142857142857143, 0.6818181818181818, 0.6956521739130435, 0.7083333333333334, 0.68]
[(34, 56), (10, 40), (7, 49), (43, 58), (31, 54), (1, 15), (23, 68), (3, 58), (8, 52), (3, 12), (20, 44), (22, 44), (20, 22), (12, 43), (49, 69), (12, 58), (49, 61), (7, 69), (1, 36), (42, 65), (61, 69), (7, 61), (30, 39), (15, 36), (3, 43)]
NEW OPT FOUND
27
27
OPT PARAMS
0.001
0.00115
(0.00115, 0.001)
OPT reached
OPT PARAMS
0.001
0.00115
>>>>>>>>>>>>>>>>>>>>>METHOD: queue
Average Selection iterations
1266.74074074
SUFFICIENT STATS
2415
Recall
1.0
Precision
0.68
F1-score
0.809523809524
27
27
>>>>>>>>>>>>>>>>>>>>>METHOD: Graft
