================================= ///////////////////START//////////////// =========================================
======================================Simulating data...
> Creating model
[[  5.75473545  10.96820119   4.36108943   7.44373289]
 [ 10.09657638   5.85821224   7.53622316   6.32041248]
 [ 14.12033733  10.41056939  11.41822569   9.44331225]
 [  9.11642063   5.95881453   9.27040659   8.09626947]]
[5.7547354514193643, 10.968201188487658, 4.3610894264945266, 7.443732890910991, 10.096576379600471, 5.8582122441951157, 7.5362231557896235, 6.320412481341033, 14.120337330518899, 10.410569388718335, 11.418225694631673, 9.4433122487121146, 9.1164206281070026, 5.958814528372419, 9.2704065931303425, 8.0962694704709417]
[[  9.22721389   9.41633335  14.33180297  11.71125277]
 [ 10.9270625   10.35515451  13.79998715  14.29897327]
 [ 12.32376278  11.45556148   4.76349232  10.30930479]
 [  9.67473261  10.23488307  12.35761522   3.15080708]]
[9.2272138880707288, 9.4163333461407674, 14.331802967297833, 11.711252767147975, 10.927062503202755, 10.35515451296809, 13.799987151914433, 14.298973268540486, 12.323762778698821, 11.455561478494811, 4.7634923219846383, 10.309304785583766, 9.6747326145157402, 10.234883073463921, 12.357615218306295, 3.1508070820261089]
[[ 12.1895819    9.71223133  11.14353902   7.58846997]
 [  8.04342711   9.72402675   7.36342884  12.05061959]
 [ 11.15782582  10.69773941  10.84726031  15.0526089 ]
 [  8.82783953   4.49639679  10.49825049   9.87349115]]
[12.189581903968328, 9.7122313287819324, 11.143539015552477, 7.5884699656656789, 8.0434271104311872, 9.7240267524327813, 7.3634288400374652, 12.050619593311703, 11.157825823296518, 10.697739410981134, 10.847260313039861, 15.052608903711993, 8.8278395300830113, 4.4963967862486056, 10.498250492241162, 9.8734911475958356]
[[ 13.29784219   7.79395295  12.82148516  11.24000237]
 [ 11.92851487  12.57359707   7.72809189   8.93920595]
 [ 12.15649003   3.36095227  13.78332021  11.38283016]
 [  9.8857401   10.55126914   7.42516179   9.12514159]]
[13.29784219075394, 7.7939529536252037, 12.821485161286422, 11.240002365859905, 11.928514871692114, 12.573597071956918, 7.7280918851023674, 8.9392059475552461, 12.156490028321128, 3.3609522675626682, 13.783320206433013, 11.38283016051896, 9.8857400983494124, 10.551269139392932, 7.4251617917275592, 9.1251415885272387]
[[  7.05210517  13.25357018  12.23815068  13.43741017]
 [  6.66947086   5.07843828   8.3498592   10.43954738]
 [ 11.24672569  12.61993039  10.71069918  14.35667195]
 [  9.4434858    7.71730195   5.79695446   7.7775716 ]]
[7.0521051734057805, 13.253570179161901, 12.238150682224825, 13.437410165982474, 6.6694708635137454, 5.0784382755349498, 8.3498591996647935, 10.43954738324007, 11.246725687274569, 12.619930389920132, 10.710699177018036, 14.356671951639079, 9.443485797629199, 7.7173019548955093, 5.7969544612639163, 7.7775716047613752]
[[ 10.53370012   6.97856587   9.39495043  13.79565293]
 [  9.03838644   8.89040977  12.69549326   3.60203833]
 [ 12.9534465    8.4202406   10.40982143  10.24080339]
 [ 12.3561703    9.33101313   8.30493555  13.24461448]]
[10.533700122275421, 6.9785658656669467, 9.3949504253244509, 13.795652925889264, 9.0383864421437057, 8.8904097671120059, 12.695493259285595, 3.6020383341397588, 12.953446503220714, 8.4202406049870824, 10.409821431131467, 10.240803389802991, 12.356170298050984, 9.3310131344116307, 8.3049355460888741, 13.244614476627747]
[[ 10.0925143   11.91975602  11.47469955   9.09035298]
 [  7.98593373   7.20422019   9.67236497  12.8326997 ]
 [  5.12048975   8.35027068   7.15049386  11.9623938 ]
 [  8.61422593   8.82340585   9.45762608  11.11348313]]
[10.092514304775374, 11.919756019331759, 11.474699551836299, 9.0903529750730243, 7.9859337311515803, 7.2042201891959197, 9.6723649711464699, 12.832699698899305, 5.1204897462959948, 8.3502706756762546, 7.1504938614330644, 11.96239380310125, 8.6142259335717473, 8.8234058546130214, 9.4576260751583767, 11.113483127236993]
[[  6.48509271   8.52485589   9.72377649   5.84825047]
 [ 10.28786968   9.05213109   5.64410951   6.74189311]
 [ 11.51280021  12.23888996   9.6702284   11.01190453]
 [ 10.55960891  10.82405746  13.21496002   6.232504  ]]
[6.4850927093302513, 8.5248558853261507, 9.7237764873351811, 5.8482504703268416, 10.28786968285023, 9.0521310928001935, 5.6441095054769237, 6.7418931147192112, 11.512800210205416, 12.238889963878311, 9.6702284005500818, 11.011904530101244, 10.559608908282277, 10.824057455319345, 13.214960017700733, 6.2325040044643201]
[[  7.70498808  10.63124157  12.05080449  13.39987135]
 [  9.77404498  13.4189931   12.58602472   7.5094684 ]
 [  6.95515372   9.23759091  12.57233873   9.81928248]
 [  8.49835611  13.88060795  10.71726122   4.19851431]]
[7.7049880754523858, 10.631241567692181, 12.050804493153555, 13.39987135419871, 9.7740449818076325, 13.418993099516783, 12.586024716203795, 7.5094683990723343, 6.9551537210171226, 9.2375909053639482, 12.572338731487136, 9.8192824810999877, 8.4983561058555281, 13.880607950121401, 10.717261220008366, 4.1985143105231462]
[[  4.98946071  10.9421913    8.63572006   5.28853539]
 [  5.13574229   7.71804126  10.54877389  10.98265733]
 [  7.65254607  12.54255248  13.55745874  10.99021646]
 [  8.52149333  12.81104796  11.88848924  12.16851853]]
[4.9894607112527121, 10.942191302127231, 8.6357200649555441, 5.2885353875513808, 5.1357422920901028, 7.7180412646617711, 10.548773889482613, 10.982657334950229, 7.6525460683055364, 12.542552478533111, 13.557458741290265, 10.9902164623914, 8.5214933304797231, 12.811047961275921, 11.888489239158346, 12.168518528387295]
[[  6.3876495    6.97364251   8.02832686  12.73659594]
 [ 10.58705381  15.33038353  12.34111431   9.91226206]
 [ 13.1626946   10.52874253   8.23769662  11.69993711]
 [  8.25918337   9.27400725  13.31945674   9.74679628]]
[6.3876495023165702, 6.9736425146916208, 8.0283268637265852, 12.736595936780228, 10.58705381487183, 15.330383526426109, 12.341114314577791, 9.9122620578258243, 13.162694595221915, 10.528742531829694, 8.2376966187313876, 11.699937110612757, 8.2591833653472939, 9.2740072479903333, 13.319456739894957, 9.7467962844565008]
[[  8.731206     7.37029974  16.24300098   4.38669588]
 [ 11.41002134   6.78861926   9.73914127   7.52999514]
 [  7.05592759   7.14950925  14.38746538   9.66752894]
 [  8.08574451  11.38946741  10.02587329  11.8000844 ]]
[8.7312059958566071, 7.3702997436208149, 16.243000978967519, 4.3866958790714952, 11.410021337684523, 6.7886192550186824, 9.7391412712632679, 7.5299951437656638, 7.0559275937934229, 7.1495092476625963, 14.387465384355146, 9.6675289442260208, 8.0857445138047837, 11.389467410207182, 10.025873286415749, 11.800084398354132]
[[ 11.79995933   7.24273447   9.74575681  10.04819846]
 [ 14.62397812   9.46458336   8.75245841  10.05337806]
 [  7.70221639  10.48188462   9.08736196   5.52168113]
 [  9.85353362   9.20614227   5.91894174   9.83216461]]
[11.799959325357914, 7.2427344676115757, 9.7457568136128216, 10.048198461282693, 14.623978116699092, 9.4645833594997892, 8.7524584050145435, 10.053378059608871, 7.7022163878251408, 10.48188462266304, 9.0873619586343555, 5.5216811298970407, 9.8535336221653473, 9.2061422651745026, 5.9189417448300414, 9.8321646134636964]
[[ 10.18646602   7.30725233   8.93834174   7.92508851]
 [ 13.52793016  11.96450957   9.8563262    9.02195737]
 [ 12.35229404  11.0130102   11.24513101   9.93451941]
 [  5.77942493   9.71883504   8.6687752   11.61263818]]
[10.186466016358883, 7.3072523264900129, 8.9383417439178352, 7.9250885061550953, 13.527930159724029, 11.964509567077931, 9.8563262038365131, 9.0219573695649586, 12.352294036437783, 11.013010200807219, 11.245131011707141, 9.9345194066393745, 5.7794249305714196, 9.7188350436011177, 8.668775201977331, 11.612638183649693]
[[ 13.42747252   8.72539189  10.81217404  12.49279495]
 [ 10.07650456   9.82589605  10.12893736  12.16819157]
 [  7.87919869   9.18582633  11.17608286  10.77861768]
 [ 10.5989569    9.07549708  12.43133947  15.33467062]]
[13.427472515727803, 8.7253918946538018, 10.812174039490465, 12.492794951979398, 10.076504560846294, 9.8258960538826603, 10.128937356924723, 12.168191572021069, 7.8791986929869182, 9.1858263279495649, 11.176082862116205, 10.778617678885389, 10.598956899640978, 9.0754970842404923, 12.431339472856342, 15.334670618011344]
[[ 12.88546008  10.43126104  10.05265505  10.24863614]
 [ 10.56848194   7.45815338   9.71306169  10.7718781 ]
 [  6.57310004  12.16413231  12.70344009   8.42156003]
 [  9.39665552   7.80452414  11.74845121   7.34694428]]
[12.885460076235049, 10.431261041232165, 10.052655053355158, 10.24863614257678, 10.568481937802821, 7.4581533784755774, 9.7130616880730045, 10.771878104591533, 6.5731000436423486, 12.164132307039633, 12.703440086145473, 8.4215600288765273, 9.3966555213672383, 7.8045241429748167, 11.748451208969543, 7.3469442813852268]
[[ 12.32602124   9.56170899   6.44520032  14.9948902 ]
 [  7.85862673   6.1460315   16.48606147   8.98991927]
 [  6.34566828   8.29140058  10.91886224  10.47577889]
 [  7.87067701  14.556809     8.69605081   7.03828352]]
[12.326021240277791, 9.5617089941824496, 6.4452003208989073, 14.994890199375011, 7.8586267294144765, 6.1460315008205315, 16.486061469420381, 8.9899192653726576, 6.34566827934648, 8.2914005830282953, 10.918862240055672, 10.475778893984849, 7.8706770068660248, 14.556809000319898, 8.6960508050165668, 7.0382835239711206]
[[ 10.11283504  15.84906202   9.30891789   9.35105755]
 [ 10.91120312  13.67830489  13.98192689   9.35356842]
 [ 10.77082811   6.55479133   9.22005973   7.89927401]
 [  7.48292062  14.20394179   8.01928335   8.67098523]]
[10.112835038580025, 15.849062015050144, 9.3089178874604066, 9.3510575454149016, 10.911203123101265, 13.678304890355847, 13.981926886043709, 9.353568420808072, 10.770828114898363, 6.554791332339807, 9.2200597302094671, 7.8992740113017339, 7.4829206192525408, 14.203941790668319, 8.0192833454846379, 8.6709852299713628]
[[ 12.15879915   7.98811565  15.86661758   6.80209723]
 [  9.08612228  12.34523135  10.74183293  12.0749654 ]
 [  8.75974417   9.81298754  10.03057996  13.92314904]
 [ 11.72607256  11.99168027   8.35518477  12.4222066 ]]
[12.158799145953287, 7.9881156484053264, 15.866617576316404, 6.8020972324293538, 9.0861222750349064, 12.345231352264115, 10.741832931235283, 12.074965397702758, 8.7597441650435943, 9.8129875432991476, 10.030579959097043, 13.923149036339762, 11.726072560957622, 11.991680270911679, 8.3551847686580114, 12.422206596407626]
[[ 13.46315387   9.24225437  11.10258227  10.44698216]
 [  8.001444    10.60196877  10.72280126  11.03217705]
 [  9.50400276  10.23548075   7.13097264   9.10471481]
 [ 11.3899067   12.23118472   8.94421294  10.26178507]]
[13.463153866805577, 9.242254366439818, 11.102582268182879, 10.446982164332949, 8.001444001142259, 10.601968774354846, 10.722801263197031, 11.032177051115436, 9.5040027579498858, 10.235480750775366, 7.1309726378921621, 9.104714811300358, 11.389906699274494, 12.231184718328826, 8.9442129396868228, 10.26178507358321]
[[ 12.5391632   11.75260335   8.95630663   7.25625836]
 [ 14.28076305   8.01971245   7.38618861   7.28785985]
 [ 12.79326329   8.70274949   8.11573883  10.34422456]
 [  9.48263822   8.30476135  11.88497867  12.66328873]]
[12.539163203855253, 11.752603352912743, 8.9563066252874144, 7.2562583630743882, 14.280763053358243, 8.019712448587125, 7.3861886073263356, 7.2878598513463873, 12.793263288841661, 8.7027494889378705, 8.1157388345484982, 10.344224564758369, 9.4826382236067719, 8.3047613480343827, 11.884978667446198, 12.663288730244986]
[[  9.60994027  12.62273297  17.92743693  10.47374909]
 [  6.62896728  13.16245832   9.24804031   8.34847852]
 [ 10.52462369   6.8984385   10.55615791   9.77906119]
 [ 10.24594477  10.95354064  10.16873064  10.04084521]]
[9.6099402725067815, 12.622732969800026, 17.927436933225451, 10.473749093869783, 6.6289672806097002, 13.162458324640641, 9.2480403088099319, 8.3484785150575203, 10.524623694807639, 6.8984385011094318, 10.556157910021517, 9.7790611920021124, 10.245944767038688, 10.953540635522927, 10.168730643102016, 10.040845210282232]
[[  8.99691323   7.99979381   7.39217625   7.85730453]
 [ 11.69365542  10.12955097   7.80209843   9.42224598]
 [  5.90298173   8.16671798  15.37393634   9.77439038]
 [ 11.82914732   9.83627906  10.87042309  11.65814522]]
[8.9969132252220447, 7.9997938097884971, 7.392176254911611, 7.8573045283220884, 11.69365542336603, 10.129550973706055, 7.8020984279123127, 9.4222459810175092, 5.9029817321945552, 8.1667179810408363, 15.373936337168217, 9.7743903758356243, 11.82914731757598, 9.836279062138793, 10.870423088104522, 11.658145224197934]
[[  9.57946444  10.94477525  13.31089687   9.56949802]
 [ 11.82587948  12.76144618   7.46293523   8.49417037]
 [ 12.30352099  11.15203619  12.3094914    9.66857996]
 [  9.27748697   5.00340131   7.13499893  10.11766524]]
[9.5794644430823155, 10.944775254346187, 13.310896874989599, 9.5694980182577929, 11.825879475942548, 12.76144618392869, 7.4629352306638976, 8.4941703660428445, 12.303520994526453, 11.152036192872076, 12.309491400784868, 9.6685799633657048, 9.2774869726144171, 5.0034013110415678, 7.1349989337313922, 10.117665236646234]
[[ 13.0534624    9.51789543   9.91670179   6.17299126]
 [ 10.51672628  11.32760627  10.59786395  13.49474065]
 [ 10.13792839  10.74744364  14.12126003   6.12496453]
 [  8.86043663  13.56539688  12.34032287  11.69595025]]
[13.053462398647996, 9.5178954286400881, 9.9167017928871175, 6.1729912565012679, 10.516726279270008, 11.32760626744515, 10.597863951634467, 13.494740652716839, 10.137928386950579, 10.747443640297544, 14.121260025670448, 6.1249645266046304, 8.860436630501578, 13.565396880048166, 12.340322870777706, 11.695950247101177]
[[ 14.7626591    9.96305695   9.24880304   9.11242817]
 [  5.26909527   9.55546714  10.62749529  12.63689481]
 [ 12.40011935   8.95875229   9.30794251  12.80976326]
 [  9.56634026   8.72492615  13.48129612  12.59396417]]
[14.762659101400043, 9.9630569508503886, 9.2488030360364437, 9.1124281723615645, 5.2690952667066462, 9.5554671407424685, 10.627495290020811, 12.636894812950707, 12.400119352874819, 8.9587522939082689, 9.3079425130652798, 12.809763264036098, 9.5663402573178029, 8.7249261506109583, 13.481296123585681, 12.593964167626584]
[[ 10.47862718  12.201278     8.86479909  10.21487993]
 [ 11.87986647  11.4074743    7.01253299   8.74897583]
 [ 10.63200876   8.97996323  14.4366464    9.01711701]
 [  9.59445388  11.92357545  10.82633186   9.63681386]]
[10.47862718005978, 12.201277997942777, 8.8647990937109871, 10.214879933585962, 11.87986646919299, 11.40747429646532, 7.012532986828349, 8.7489758317393402, 10.632008763547887, 8.9799632274002583, 14.436646402433333, 9.0171170131147171, 9.5944538810582731, 11.923575445443259, 10.82633185808729, 9.636813856988077]
[[ 11.08701989  11.35023615  11.83106002   9.061944  ]
 [  9.27089503   5.64744298   8.04923898  10.67778199]
 [ 12.61255844  11.49759882   9.14826914   6.84206772]
 [  3.05660214  12.87933494   8.52692753   8.87883748]]
[11.087019894327895, 11.350236151312014, 11.83106002438719, 9.0619439980983181, 9.2708950341203895, 5.6474429791027463, 8.049238983746152, 10.677781991116786, 12.612558438756727, 11.49759881594046, 9.1482691403051746, 6.8420677197871145, 3.0566021364314171, 12.879334936951999, 8.526927533724626, 8.8788374844898517]
[[  7.96551379   6.37720597   6.70570664  11.35252055]
 [  9.78721099   8.58924742  12.41692003  11.27016977]
 [  8.11134318   6.9969962   11.30815435   8.65604158]
 [ 10.24801216  13.94074743  11.2558206    7.8443325 ]]
[7.9655137919217349, 6.3772059731576736, 6.7057066421480869, 11.35252054989952, 9.7872109937014855, 8.5892474167445982, 12.41692002791615, 11.270169773478694, 8.111343184085916, 6.9969962024565273, 11.308154346720192, 8.6560415786048459, 10.248012156328755, 13.940747431569294, 11.255820600186949, 7.8443325006169076]
[[ 11.28209114   9.18420384  11.50676914   8.51337558]
 [  9.36010583   9.12988405   8.04408258  11.56279664]
 [  7.96601001   8.69589623   9.81720089   6.75655086]
 [  9.1876626    8.2217341    9.02961452   9.85017999]]
[11.282091143981891, 9.1842038446042054, 11.506769141073324, 8.5133755756989871, 9.3601058269643289, 9.1298840508934518, 8.0440825827447764, 11.562796641084326, 7.9660100072637325, 8.6958962250734526, 9.8172008851295072, 6.7565508601081508, 9.1876626041987528, 8.2217341006430296, 9.0296145187943768, 9.8501799933222731]
[[  8.83126707   7.84376675  11.55629785   8.42202015]
 [ 11.4211473    9.16797059  11.20106124   7.57953484]
 [ 12.07837764  11.21993171   7.70087327  16.6073393 ]
 [ 11.35030757  15.72616768  14.00066955   9.52791305]]
[8.831267065855366, 7.8437667506881654, 11.556297850762494, 8.4220201456328567, 11.421147297310693, 9.1679705878694762, 11.201061240294466, 7.5795348402322382, 12.078377644961922, 11.219931706657512, 7.7008732748433459, 16.607339302536854, 11.350307566001234, 15.726167676326348, 14.000669546871897, 9.52791304945554]
[[ 10.97591236  13.97132673   8.72268455  11.9368208 ]
 [  5.47964018  11.02833561   8.79187614  10.00642796]
 [ 12.60021561  10.41160952  12.21296885  13.68441204]
 [ 10.97273492  12.92760266   9.18359756   9.97947529]]
[10.975912358771556, 13.971326727743831, 8.7226845469193428, 11.936820797667906, 5.4796401837543716, 11.028335607244021, 8.7918761438022308, 10.006427956078776, 12.600215612634258, 10.411609523815994, 12.212968853022318, 13.684412037846013, 10.972734922164301, 12.927602661551221, 9.1835975558019811, 9.9794752943259653]
[[  8.7993949    8.69187264  12.55306186  11.77173818]
 [ 16.1280743    9.47198504   9.6989834    6.30171005]
 [  9.16974431   8.19642176   8.87808247   5.63953061]
 [ 14.1515189    6.45849129   2.994493     7.02893895]]
[8.7993948956544408, 8.6918726415377616, 12.553061857917907, 11.771738182776065, 16.128074297687689, 9.4719850409212007, 9.6989834033389748, 6.3017100500918666, 9.1697443066279369, 8.19642176107061, 8.8780824672362524, 5.6395306086151118, 14.151518899736285, 6.4584912939358983, 2.9944930040207174, 7.0289389460424516]
[[ 12.02295074   7.0047678   11.01664272  13.00424464]
 [ 10.368586     7.55633781  12.19847485  11.58856132]
 [ 11.35652696  11.78984723   2.51346785  12.2023439 ]
 [ 14.52032953  11.09159619  10.48182249  11.74109668]]
[12.022950742132906, 7.0047677995224049, 11.016642718667203, 13.004244639168766, 10.36858600412743, 7.5563378068853275, 12.198474854783425, 11.58856131638499, 11.35652695874699, 11.789847233592479, 2.5134678494309526, 12.202343902702429, 14.520329526447439, 11.091596186573232, 10.481822491249318, 11.741096683478599]
[[  9.91064317  10.84003936  12.21622885   9.31967061]
 [ 10.7119765    9.22655602   9.92867783   9.18817434]
 [  8.67782537  10.43427963  11.41636329  10.36576112]
 [ 11.2468174    8.15517055   6.99066202  11.04260876]]
[9.9106431661295655, 10.84003935665498, 12.216228848399039, 9.3196706099544802, 10.711976497835908, 9.2265560177915962, 9.9286778254139598, 9.1881743372925992, 8.6778253661097118, 10.434279632467559, 11.416363289545531, 10.365761115002611, 11.24681739577983, 8.1551705493969244, 6.9906620195005509, 11.042608757419009]
[[ 10.03309942   9.69513768  10.84764814   8.5259199 ]
 [  7.7604606   11.37082033  10.24666863  10.49295264]
 [ 12.64756814   7.44358902   7.86189886  13.14304913]
 [  6.29279161   6.72646963  12.04465458  10.59550048]]
[10.033099419168835, 9.6951376809993075, 10.847648139856076, 8.525919895122426, 7.7604605989729318, 11.370820326244949, 10.246668634539489, 10.492952637993419, 12.647568136104915, 7.4435890218482861, 7.8618988568728394, 13.143049127072485, 6.2927916060648936, 6.7264696341724646, 12.04465457796249, 10.595500480055097]
[[  6.96783046  10.70942389   9.29451031   7.10449204]
 [  5.95160004   8.72239884  14.35157361   9.26628736]
 [ 12.29305386   9.85739283  12.19181693   5.43272155]
 [  8.99202923  12.37351381   9.59186263   9.78386179]]
[6.9678304594774385, 10.709423885958364, 9.294510308273912, 7.104492037039928, 5.9516000427561435, 8.722398841049726, 14.351573614738328, 9.2662873627765556, 12.29305385528964, 9.85739283084453, 12.19181693422613, 5.4327215542387055, 8.9920292328761668, 12.373513809483047, 9.5918626279170525, 9.7838617932223819]
[[  9.62808462  10.24001051   9.88721674  10.19780431]
 [ 12.12632671   7.90218952   7.47056479  10.21242034]
 [  5.98390078   6.56736616  14.66670787  11.89367083]
 [  9.97485882  13.09501734   7.39850192   9.21099219]]
[9.6280846194158016, 10.240010512424425, 9.8872167407666627, 10.197804309823837, 12.126326708808595, 7.902189523501816, 7.4705647897362786, 10.212420342594269, 5.9839007763754184, 6.5673661598951787, 14.666707870829068, 11.89367082515351, 9.974858820327464, 13.095017339896099, 7.3985019247871371, 9.2109921915353539]
[[  7.69021996  13.53037925   6.54892312   8.6602136 ]
 [ 11.07692784   9.62527102   7.48490786   7.94612544]
 [  6.12936419  11.3299366   13.15142211   9.74901624]
 [  8.99912796   6.31919268  12.28300481  15.52826083]]
[7.6902199604749946, 13.530379245746577, 6.5489231192318265, 8.6602135958345947, 11.076927837364103, 9.6252710206671512, 7.4849078551990207, 7.9461254359921689, 6.1293641928773939, 11.329936597517978, 13.151422112605374, 9.7490162414965855, 8.9991279624664422, 6.319192678833776, 12.283004810630445, 15.528260833098733]
[[  6.71787581  13.53718534  10.39119064   9.45914005]
 [ 11.10711528  10.54599268   9.13950886   9.36822332]
 [  7.82784363  11.64097688   8.67001548   7.60935394]
 [ 10.41465881  13.32285321   9.87913844   8.47974686]]
[6.7178758136255201, 13.537185339806056, 10.391190642365748, 9.4591400542606845, 11.107115284366847, 10.545992682824842, 9.1395088588315474, 9.3682233198959839, 7.8278436328351191, 11.640976877148256, 8.6700154764720949, 7.6093539439192934, 10.414658806633843, 13.322853206863883, 9.8791384405504505, 8.4797468576207748]
[[ 10.797796    10.76816195   5.90394094   5.55902846]
 [ 10.53888263  11.4200184   10.20652758   7.94616371]
 [ 10.04730526   9.79491462   7.60710475  12.53493039]
 [  5.67430985  11.47185602  10.96080851  12.52427964]]
[10.797796000215707, 10.768161951263977, 5.9039409356455197, 5.5590284591335601, 10.538882634471712, 11.42001839806605, 10.206527580390503, 7.9461637074511806, 10.047305259705487, 9.7949146171362891, 7.6071047543114743, 12.534930385280404, 5.6743098461247854, 11.471856017018766, 10.960808513028113, 12.524279637029286]
[[ 15.38279948  11.17076227  10.28184485  11.64316923]
 [  8.38236618  10.42810886  10.09727176  11.56641063]
 [  6.10500368   8.73241308  12.11248901   8.31101543]
 [  7.51659656  15.10518037  10.095295     8.55270465]]
[15.382799481426456, 11.17076226922398, 10.281844853089343, 11.643169225761943, 8.3823661840431019, 10.428108862880531, 10.097271764640537, 11.566410626863401, 6.1050036795415092, 8.7324130755866562, 12.112489007502093, 8.3110154309248419, 7.5165965614421619, 15.105180374567386, 10.0952950004485, 8.5527046501419797]
[[  8.35014324  10.53254292  11.49842343   9.35920777]
 [ 11.15198582   8.99753461   7.57207334  13.56579215]
 [ 16.22110404  14.23992383  10.3545166   14.5835884 ]
 [ 10.88925879   8.80678432  11.16594894   9.76401873]]
[8.350143237244156, 10.532542918574718, 11.498423431305742, 9.3592077657758939, 11.151985819253138, 8.9975346052589984, 7.572073337939023, 13.565792151967567, 16.221104035827821, 14.239923832535423, 10.354516597883636, 14.583588404539196, 10.889258789309961, 8.806784323991927, 11.165948935954948, 9.764018733972037]
[[  9.14580476  10.06072729  13.19953005   7.78508379]
 [ 11.0022142    9.97585691   5.50708846   7.99436707]
 [ 10.48303388  13.24335522  12.50332754  11.49303126]
 [  7.96181085  14.50303498  10.53810117   7.4840862 ]]
[9.145804756010298, 10.06072728534445, 13.199530051570054, 7.7850837948976181, 11.002214197760303, 9.9758569086677298, 5.5070884615109534, 7.9943670706729728, 10.483033883084241, 13.243355222732227, 12.503327543366824, 11.493031261008563, 7.9618108471588531, 14.503034977021336, 10.538101169099029, 7.4840861958036244]
> Generating data
[0, 1, 2, 3, 4, 5, 6, 7, 8, 9, 10, 11, 12, 13, 14, 15, 16, 17, 18, 19, 20, 21, 22, 23, 24, 25, 26, 27, 28, 29, 30, 31, 32, 33, 34, 35, 36, 37, 38, 39, 40, 41, 42, 43, 44, 45, 46, 47, 48, 49, 50, 51, 52, 53, 54, 55, 56, 57, 58, 59, 60, 61, 62, 63, 64, 65, 66, 67, 68, 69, 70, 71, 72, 73, 74, 75, 76, 77, 78, 79, 80, 81, 82, 83, 84, 85, 86, 87, 88, 89, 90, 91, 92, 93, 94]
{0: 4, 1: 4, 2: 4, 3: 4, 4: 4, 5: 4, 6: 4, 7: 4, 8: 4, 9: 4, 10: 4, 11: 4, 12: 4, 13: 4, 14: 4, 15: 4, 16: 4, 17: 4, 18: 4, 19: 4, 20: 4, 21: 4, 22: 4, 23: 4, 24: 4, 25: 4, 26: 4, 27: 4, 28: 4, 29: 4, 30: 4, 31: 4, 32: 4, 33: 4, 34: 4, 35: 4, 36: 4, 37: 4, 38: 4, 39: 4, 40: 4, 41: 4, 42: 4, 43: 4, 44: 4, 45: 4, 46: 4, 47: 4, 48: 4, 49: 4, 50: 4, 51: 4, 52: 4, 53: 4, 54: 4, 55: 4, 56: 4, 57: 4, 58: 4, 59: 4, 60: 4, 61: 4, 62: 4, 63: 4, 64: 4, 65: 4, 66: 4, 67: 4, 68: 4, 69: 4, 70: 4, 71: 4, 72: 4, 73: 4, 74: 4, 75: 4, 76: 4, 77: 4, 78: 4, 79: 4, 80: 4, 81: 4, 82: 4, 83: 4, 84: 4, 85: 4, 86: 4, 87: 4, 88: 4, 89: 4, 90: 4, 91: 4, 92: 4, 93: 4, 94: 4}
4
NUM VARIABLES
95
NUM EDGES
44
EDGES
[(0, 30), (2, 35), (2, 93), (3, 94), (4, 12), (4, 53), (4, 68), (5, 68), (5, 73), (5, 84), (8, 38), (10, 76), (11, 38), (11, 86), (12, 64), (13, 60), (14, 86), (15, 17), (15, 20), (16, 85), (17, 69), (20, 63), (21, 70), (23, 27), (23, 74), (27, 54), (27, 93), (28, 41), (28, 56), (31, 61), (32, 48), (37, 43), (38, 93), (39, 64), (41, 46), (41, 53), (44, 59), (44, 88), (45, 56), (60, 66), (61, 74), (66, 73), (68, 94), (76, 77)]
>>>>>>>>>>>>>>>>>>>>>METHOD: structured
//////
0.025
0.03125
/home/walidch/mrf_project/MRFToolBox/mrftools/mrftools/Learner.py:118: FutureWarning: comparison to `None` will result in an elementwise object comparison in the future.
  if (self.tau_q == None or not self.fully_observed) and not (self.graft):
/home/walidch/mrf_project/MRFToolBox/mrftools/mrftools/Learner.py:132: FutureWarning: comparison to `None` will result in an elementwise object comparison in the future.
  if (self.tau_q == None or not self.fully_observed) and not (self.graft):
//////
0.025
0.03
//////
0.025
0.029375
//////
0.025
0.02875
//////
0.025
0.028125
Average Selection iterations
33.7592592593
SUFFICIENT STATS
4465
Recall
0.863636363636
Precision
0.2375
F1-score
0.372549019608
95.0443560909
122.683612426
//////
0.025
0.0275
Average Selection iterations
33.7730496454
SUFFICIENT STATS
4465
Recall
0.863636363636
Precision
0.273381294964
F1-score
0.415300546448
95.0075692376
118.171951786
//////
0.025
0.02625
Average Selection iterations
52.3
SUFFICIENT STATS
4465
Recall
0.75
Precision
0.336734693878
F1-score
0.464788732394
94.9217170195
112.394685943
//////
0.025
0.025
Average Selection iterations
62.7733333333
SUFFICIENT STATS
4465
Recall
0.636363636364
Precision
0.383561643836
F1-score
0.478632478632
94.8555245367
112.493546818
Traceback (most recent call last):
  File "compare_accuracy.py", line 257, in <module>
    main()
  File "compare_accuracy.py", line 180, in main
    time_stamps = sorted(list(best_mn_snapshots.keys()))
UnboundLocalError: local variable 'best_mn_snapshots' referenced before assignment
