================================= ///////////////////START//////////////// =========================================
======================================Simulating data...
> Creating model
> Generating data
[0, 1, 2, 3, 4]
{0: 10, 1: 10, 2: 10, 3: 10, 4: 10}
10
NUM VARIABLES
5
NUM EDGES
1
EDGES
[(0, 1)]
>>>>>>>>>>>>>>>>>>>>>METHOD: structured
======PARAMS
1e-05
1.15e-05
/home/walidch/mrf_project/MRFToolBox/mrftools/mrftools/Learner.py:118: FutureWarning: comparison to `None` will result in an elementwise object comparison in the future.
  if (self.tau_q == None or not self.fully_observed) and not (self.graft):
/home/walidch/mrf_project/MRFToolBox/mrftools/mrftools/Learner.py:132: FutureWarning: comparison to `None` will result in an elementwise object comparison in the future.
  if (self.tau_q == None or not self.fully_observed) and not (self.graft):
Average Selection iterations
0.818181818182
SUFFICIENT STATS
10
Recall
0.0
Precision
0.0
F1-score
0
False
[0, 0, 0.0, 0.0, 0.0, 0.0, 0.0, 0.0, 0.0, 0.0, 0.0]
[0, 0, 0.0, 0.0, 0.0, 0.0, 0.0, 0.0, 0.0, 0.0, 0.0]
[(1, 3), (2, 3), (2, 4), (0, 2), (0, 3), (1, 4), (0, 4), (3, 4), (1, 2)]
16.0871428348
======PARAMS
2.5e-05
2.875e-05
Average Selection iterations
0.818181818182
SUFFICIENT STATS
10
Recall
0.0
Precision
0.0
F1-score
0
False
[0, 0, 0.0, 0.0, 0.0, 0.0, 0.0, 0.0, 0.0, 0.0, 0.0]
[0, 0, 0.0, 0.0, 0.0, 0.0, 0.0, 0.0, 0.0, 0.0, 0.0]
[(1, 3), (2, 3), (2, 4), (0, 2), (0, 3), (1, 4), (0, 4), (3, 4), (1, 2)]
15.9719489711
======PARAMS
5e-05
5.75e-05
Average Selection iterations
0.818181818182
SUFFICIENT STATS
10
Recall
0.0
Precision
0.0
F1-score
0
False
[0, 0, 0.0, 0.0, 0.0, 0.0, 0.0, 0.0, 0.0, 0.0, 0.0]
[0, 0, 0.0, 0.0, 0.0, 0.0, 0.0, 0.0, 0.0, 0.0, 0.0]
[(1, 3), (2, 3), (2, 4), (0, 2), (0, 3), (1, 4), (0, 4), (3, 4), (1, 2)]
15.8682274626
======PARAMS
7.5e-05
8.625e-05
Average Selection iterations
0.818181818182
SUFFICIENT STATS
10
Recall
0.0
Precision
0.0
F1-score
0
False
[0, 0, 0.0, 0.0, 0.0, 0.0, 0.0, 0.0, 0.0, 0.0, 0.0]
[0, 0, 0.0, 0.0, 0.0, 0.0, 0.0, 0.0, 0.0, 0.0, 0.0]
[(1, 3), (2, 3), (2, 4), (0, 2), (0, 3), (1, 4), (0, 4), (3, 4), (1, 2)]
15.8025129717
======PARAMS
0.0001
0.000115
Average Selection iterations
0.818181818182
SUFFICIENT STATS
10
Recall
0.0
Precision
0.0
F1-score
0
False
[0, 0, 0.0, 0.0, 0.0, 0.0, 0.0, 0.0, 0.0, 0.0, 0.0]
[0, 0, 0.0, 0.0, 0.0, 0.0, 0.0, 0.0, 0.0, 0.0, 0.0]
[(1, 3), (2, 3), (2, 4), (0, 2), (0, 3), (1, 4), (0, 4), (3, 4), (1, 2)]
15.748979168
======PARAMS
0.00025
0.0002875
Average Selection iterations
0.818181818182
SUFFICIENT STATS
10
Recall
0.0
Precision
0.0
F1-score
0
False
[0, 0, 0.0, 0.0, 0.0, 0.0, 0.0, 0.0, 0.0, 0.0, 0.0]
[0, 0, 0.0, 0.0, 0.0, 0.0, 0.0, 0.0, 0.0, 0.0, 0.0]
[(1, 3), (2, 3), (2, 4), (0, 2), (0, 3), (1, 4), (0, 4), (3, 4), (1, 2)]
15.528333117
======PARAMS
0.0005
0.000575
Average Selection iterations
0.818181818182
SUFFICIENT STATS
10
Recall
0.0
Precision
0.0
F1-score
0
False
[0, 0, 0.0, 0.0, 0.0, 0.0, 0.0, 0.0, 0.0, 0.0, 0.0]
[0, 0, 0.0, 0.0, 0.0, 0.0, 0.0, 0.0, 0.0, 0.0, 0.0]
[(1, 3), (2, 3), (2, 4), (0, 2), (0, 3), (1, 4), (0, 4), (3, 4), (1, 2)]
15.2809404913
======PARAMS
0.00075
0.0008625
Average Selection iterations
0.818181818182
SUFFICIENT STATS
10
Recall
0.0
Precision
0.0
F1-score
0
False
[0, 0, 0.0, 0.0, 0.0, 0.0, 0.0, 0.0, 0.0, 0.0, 0.0]
[0, 0, 0.0, 0.0, 0.0, 0.0, 0.0, 0.0, 0.0, 0.0, 0.0]
[(1, 3), (2, 3), (2, 4), (0, 2), (0, 3), (1, 4), (0, 4), (3, 4), (1, 2)]
15.0941875544
======PARAMS
0.001
0.00115
Average Selection iterations
0.818181818182
SUFFICIENT STATS
10
Recall
0.0
Precision
0.0
F1-score
0
False
[0, 0, 0.0, 0.0, 0.0, 0.0, 0.0, 0.0, 0.0, 0.0, 0.0]
[0, 0, 0.0, 0.0, 0.0, 0.0, 0.0, 0.0, 0.0, 0.0, 0.0]
[(1, 3), (2, 3), (2, 4), (0, 2), (0, 3), (1, 4), (0, 4), (3, 4), (1, 2)]
14.9485398459
======PARAMS
0.0025
0.002875
Average Selection iterations
3.33333333333
SUFFICIENT STATS
10
Recall
1.0
Precision
1.0
F1-score
1.0
False
[0, 0, 1.0]
[0, 0, 1.0]
[(0, 1)]
9.67941384148
NEW OPT FOUND
3
3
OPT PARAMS
0.0025
0.002875
(0.002875, 0.0025)
OPT reached
OPT PARAMS
0.0025
0.002875
>>>>>>>>>>>>>>>>>>>>>METHOD: queue
Average Selection iterations
3.33333333333
SUFFICIENT STATS
10
Recall
1.0
Precision
1.0
F1-score
1.0
3
3
>>>>>>>>>>>>>>>>>>>>>METHOD: Graft
SUFFICIENT STATS
10
Recall
1.0
Precision
1.0
F1-score
1.0
[(0, 1)]
[0, 0, 1.0]
3
3
structured
queue
graft
======================================Simulating data...
> Creating model
> Generating data
[0, 1, 2, 3, 4, 5, 6, 7, 8, 9, 10, 11, 12, 13, 14]
{0: 10, 1: 10, 2: 10, 3: 10, 4: 10, 5: 10, 6: 10, 7: 10, 8: 10, 9: 10, 10: 10, 11: 10, 12: 10, 13: 10, 14: 10}
10
NUM VARIABLES
15
NUM EDGES
3
EDGES
[(1, 5), (2, 8), (4, 7)]
>>>>>>>>>>>>>>>>>>>>>METHOD: structured
======PARAMS
1e-05
1.15e-05
True
[0, 0, 0.0, 0.0, 0.0, 0.0, 0.0, 0.0, 0.0, 0.0, 0.0, 0.0]
[0, 0, 0.0, 0.0, 0.0, 0.0, 0.0, 0.0, 0.0, 0.0, 0.0, 0.0]
[(12, 14), (2, 9), (11, 12), (10, 13), (6, 8), (1, 11), (1, 3), (10, 12), (2, 7), (3, 7), (2, 6)]
37.9312827882
======PARAMS
2.5e-05
2.875e-05
True
[0, 0, 0.0, 0.0, 0.0, 0.0, 0.0, 0.0, 0.0, 0.0, 0.0, 0.0]
[0, 0, 0.0, 0.0, 0.0, 0.0, 0.0, 0.0, 0.0, 0.0, 0.0, 0.0]
[(12, 14), (2, 9), (11, 12), (10, 13), (6, 8), (1, 11), (1, 3), (10, 12), (2, 7), (3, 7), (2, 6)]
37.9180802727
======PARAMS
5e-05
5.75e-05
True
[0, 0, 0.0, 0.0, 0.0, 0.0, 0.0, 0.0, 0.0, 0.0, 0.0, 0.0]
[0, 0, 0.0, 0.0, 0.0, 0.0, 0.0, 0.0, 0.0, 0.0, 0.0, 0.0]
[(12, 14), (2, 9), (11, 12), (10, 13), (6, 8), (1, 11), (1, 3), (10, 12), (2, 7), (3, 7), (2, 6)]
37.8966001891
======PARAMS
7.5e-05
8.625e-05
True
[0, 0, 0.0, 0.0, 0.0, 0.0, 0.0, 0.0, 0.0, 0.0, 0.0, 0.0]
[0, 0, 0.0, 0.0, 0.0, 0.0, 0.0, 0.0, 0.0, 0.0, 0.0, 0.0]
[(12, 14), (2, 9), (11, 12), (10, 13), (6, 8), (1, 11), (1, 3), (10, 12), (2, 7), (3, 7), (2, 6)]
37.875454812
======PARAMS
0.0001
0.000115
True
[0, 0, 0.0, 0.0, 0.0, 0.0, 0.0, 0.0, 0.0, 0.0, 0.0, 0.0]
[0, 0, 0.0, 0.0, 0.0, 0.0, 0.0, 0.0, 0.0, 0.0, 0.0, 0.0]
[(12, 14), (2, 9), (11, 12), (10, 13), (6, 8), (1, 11), (1, 3), (10, 12), (2, 7), (3, 7), (2, 6)]
37.8561933201
======PARAMS
0.00025
0.0002875
True
[0, 0, 0.0, 0.0, 0.0, 0.0, 0.0, 0.0, 0.0, 0.0, 0.0, 0.0]
[0, 0, 0.0, 0.0, 0.0, 0.0, 0.0, 0.0, 0.0, 0.0, 0.0, 0.0]
[(12, 14), (2, 9), (11, 12), (10, 13), (6, 8), (1, 11), (1, 3), (10, 12), (2, 7), (3, 7), (2, 6)]
37.7551858414
======PARAMS
0.0005
0.000575
True
[0, 0, 0.0, 0.0, 0.0, 0.0, 0.0, 0.0, 0.0, 0.0, 0.0, 0.0]
[0, 0, 0.0, 0.0, 0.0, 0.0, 0.0, 0.0, 0.0, 0.0, 0.0, 0.0]
[(12, 14), (2, 9), (11, 12), (10, 13), (6, 8), (1, 11), (1, 3), (10, 12), (2, 7), (3, 7), (2, 6)]
37.6285089408
======PARAMS
0.00075
0.0008625
True
[0, 0, 0.0, 0.0, 0.0, 0.0, 0.0, 0.0, 0.0, 0.0, 0.0, 0.0]
[0, 0, 0.0, 0.0, 0.0, 0.0, 0.0, 0.0, 0.0, 0.0, 0.0, 0.0]
[(12, 14), (2, 9), (11, 12), (10, 13), (6, 8), (1, 11), (1, 3), (10, 12), (2, 7), (3, 7), (2, 6)]
37.5370660571
======PARAMS
0.001
0.00115
True
[0, 0, 0.0, 0.0, 0.0, 0.0, 0.0, 0.0, 0.0, 0.0, 0.0, 0.0]
[0, 0, 0.0, 0.0, 0.0, 0.0, 0.0, 0.0, 0.0, 0.0, 0.0, 0.0]
[(12, 14), (2, 9), (11, 12), (10, 13), (6, 8), (1, 11), (1, 3), (10, 12), (2, 7), (3, 7), (2, 6)]
37.472161001
======PARAMS
0.0025
0.002875
Average Selection iterations
19.4
SUFFICIENT STATS
105
Recall
1.0
Precision
1.0
F1-score
1.0
False
[0, 0, 0.3333333333333333, 0.6666666666666666, 1.0]
[0, 0, 1.0, 1.0, 1.0]
[(4, 7), (2, 8), (1, 5)]
27.8483947293
NEW OPT FOUND
5
5
OPT PARAMS
0.0025
0.002875
(0.002875, 0.0025)
OPT reached
OPT PARAMS
0.0025
0.002875
>>>>>>>>>>>>>>>>>>>>>METHOD: queue
Average Selection iterations
44.6
SUFFICIENT STATS
105
Recall
1.0
Precision
1.0
F1-score
1.0
5
5
>>>>>>>>>>>>>>>>>>>>>METHOD: Graft
SUFFICIENT STATS
105
Recall
1.0
Precision
1.0
F1-score
1.0
[(4, 7), (1, 5), (2, 8)]
[0, 0, 0.3333333333333333, 0.6666666666666666, 1.0]
5
5
structured
queue
graft
======================================Simulating data...
> Creating model
> Generating data
[0, 1, 2, 3, 4, 5, 6, 7, 8, 9, 10, 11, 12, 13, 14, 15, 16, 17, 18, 19, 20, 21, 22, 23, 24]
{0: 10, 1: 10, 2: 10, 3: 10, 4: 10, 5: 10, 6: 10, 7: 10, 8: 10, 9: 10, 10: 10, 11: 10, 12: 10, 13: 10, 14: 10, 15: 10, 16: 10, 17: 10, 18: 10, 19: 10, 20: 10, 21: 10, 22: 10, 23: 10, 24: 10}
10
NUM VARIABLES
25
NUM EDGES
6
EDGES
[(2, 18), (3, 16), (4, 16), (8, 20), (12, 23), (13, 21)]
>>>>>>>>>>>>>>>>>>>>>METHOD: structured
======PARAMS
1e-05
1.15e-05
True
[0, 0, 0.0, 0.0, 0.0, 0.0, 0.0, 0.0, 0.0, 0.0, 0.0, 0.0]
[0, 0, 0.0, 0.0, 0.0, 0.0, 0.0, 0.0, 0.0, 0.0, 0.0, 0.0]
[(18, 22), (14, 20), (2, 4), (3, 8), (19, 21), (11, 13), (6, 18), (14, 19), (0, 13), (17, 24), (10, 20)]
54.2850132083
======PARAMS
2.5e-05
2.875e-05
True
[0, 0, 0.0, 0.0, 0.0, 0.0, 0.0, 0.0, 0.0, 0.0, 0.0, 0.0]
[0, 0, 0.0, 0.0, 0.0, 0.0, 0.0, 0.0, 0.0, 0.0, 0.0, 0.0]
[(18, 22), (14, 20), (2, 4), (3, 8), (19, 21), (11, 13), (6, 18), (14, 19), (0, 13), (17, 24), (10, 20)]
54.2717420961
======PARAMS
5e-05
5.75e-05
True
[0, 0, 0.0, 0.0, 0.0, 0.0, 0.0, 0.0, 0.0, 0.0, 0.0, 0.0]
[0, 0, 0.0, 0.0, 0.0, 0.0, 0.0, 0.0, 0.0, 0.0, 0.0, 0.0]
[(18, 22), (14, 20), (2, 4), (3, 8), (19, 21), (11, 13), (6, 18), (14, 19), (0, 13), (17, 24), (10, 20)]
54.2551172431
======PARAMS
7.5e-05
8.625e-05
True
[0, 0, 0.0, 0.0, 0.0, 0.0, 0.0, 0.0, 0.0, 0.0, 0.0, 0.0]
[0, 0, 0.0, 0.0, 0.0, 0.0, 0.0, 0.0, 0.0, 0.0, 0.0, 0.0]
[(18, 22), (14, 20), (2, 4), (3, 8), (19, 21), (11, 13), (6, 18), (14, 19), (0, 13), (17, 24), (10, 20)]
54.2408941117
======PARAMS
0.0001
0.000115
True
[0, 0, 0.0, 0.0, 0.0, 0.0, 0.0, 0.0, 0.0, 0.0, 0.0, 0.0]
[0, 0, 0.0, 0.0, 0.0, 0.0, 0.0, 0.0, 0.0, 0.0, 0.0, 0.0]
[(18, 22), (14, 20), (2, 4), (3, 8), (19, 21), (11, 13), (6, 18), (14, 19), (0, 13), (17, 24), (10, 20)]
54.2278650881
======PARAMS
0.00025
0.0002875
True
[0, 0, 0.0, 0.0, 0.0, 0.0, 0.0, 0.0, 0.0, 0.0, 0.0, 0.0]
[0, 0, 0.0, 0.0, 0.0, 0.0, 0.0, 0.0, 0.0, 0.0, 0.0, 0.0]
[(18, 22), (14, 20), (2, 4), (3, 8), (19, 21), (11, 13), (6, 18), (14, 19), (0, 13), (17, 24), (10, 20)]
54.167129119
======PARAMS
0.0005
0.000575
True
[0, 0, 0.0, 0.0, 0.0, 0.0, 0.0, 0.0, 0.0, 0.0, 0.0, 0.0]
[0, 0, 0.0, 0.0, 0.0, 0.0, 0.0, 0.0, 0.0, 0.0, 0.0, 0.0]
[(18, 22), (14, 20), (3, 8), (19, 21), (11, 13), (6, 18), (14, 19), (0, 13), (17, 24), (10, 20), (12, 15)]
54.0424507219
======PARAMS
0.00075
0.0008625
True
[0, 0, 0.0, 0.0, 0.0, 0.0, 0.0, 0.0, 0.0, 0.0, 0.0, 0.0]
[0, 0, 0.0, 0.0, 0.0, 0.0, 0.0, 0.0, 0.0, 0.0, 0.0, 0.0]
[(18, 22), (11, 13), (6, 18), (14, 19), (0, 13), (17, 24), (11, 12), (9, 11), (0, 3), (5, 17), (5, 16)]
51.4794477479
======PARAMS
0.001
0.00115
True
[0, 0, 0.0, 0.0, 0.0, 0.0, 0.16666666666666666, 0.16666666666666666, 0.16666666666666666, 0.16666666666666666, 0.16666666666666666, 0.3333333333333333, 0.3333333333333333]
[0, 0, 0.0, 0.0, 0.0, 0.0, 0.2, 0.16666666666666666, 0.14285714285714285, 0.125, 0.1111111111111111, 0.2, 0.18181818181818182]
[(11, 13), (0, 13), (17, 24), (15, 22), (2, 18), (21, 24), (17, 21), (6, 14), (9, 10), (3, 16), (0, 12), (1, 6)]
49.1682249013
======PARAMS
0.0025
0.002875
Average Selection iterations
28.2222222222
SUFFICIENT STATS
300
Recall
1.0
Precision
0.857142857143
F1-score
0.923076923077
False
[0, 0, 0.16666666666666666, 0.3333333333333333, 0.5, 0.6666666666666666, 0.8333333333333334, 1.0, 1.0]
[0, 0, 1.0, 1.0, 1.0, 1.0, 1.0, 1.0, 0.8571428571428571]
[(2, 18), (3, 16), (12, 23), (13, 21), (8, 20), (4, 16), (3, 4)]
43.0125118309
NEW OPT FOUND
9
9
OPT PARAMS
0.0025
0.002875
(0.002875, 0.0025)
OPT reached
OPT PARAMS
0.0025
0.002875
>>>>>>>>>>>>>>>>>>>>>METHOD: queue
Average Selection iterations
113.888888889
SUFFICIENT STATS
300
Recall
1.0
Precision
0.857142857143
F1-score
0.923076923077
9
9
>>>>>>>>>>>>>>>>>>>>>METHOD: Graft
SUFFICIENT STATS
300
Recall
1.0
Precision
0.857142857143
F1-score
0.923076923077
[(4, 16), (3, 16), (3, 4), (8, 20), (2, 18), (13, 21), (12, 23)]
[0, 0, 0.16666666666666666, 0.3333333333333333, 0.3333333333333333, 0.5, 0.6666666666666666, 0.8333333333333334, 1.0]
9
9
structured
queue
graft
======================================Simulating data...
> Creating model
> Generating data
[0, 1, 2, 3, 4, 5, 6, 7, 8, 9, 10, 11, 12, 13, 14, 15, 16, 17, 18, 19, 20, 21, 22, 23, 24, 25, 26, 27, 28, 29, 30, 31, 32, 33, 34]
{0: 10, 1: 10, 2: 10, 3: 10, 4: 10, 5: 10, 6: 10, 7: 10, 8: 10, 9: 10, 10: 10, 11: 10, 12: 10, 13: 10, 14: 10, 15: 10, 16: 10, 17: 10, 18: 10, 19: 10, 20: 10, 21: 10, 22: 10, 23: 10, 24: 10, 25: 10, 26: 10, 27: 10, 28: 10, 29: 10, 30: 10, 31: 10, 32: 10, 33: 10, 34: 10}
10
NUM VARIABLES
35
NUM EDGES
8
EDGES
[(3, 27), (7, 9), (10, 31), (11, 30), (13, 31), (17, 31), (19, 28), (19, 31)]
>>>>>>>>>>>>>>>>>>>>>METHOD: structured
======PARAMS
1e-05
1.15e-05
True
[0, 0, 0.0, 0.0, 0.0, 0.0, 0.0, 0.0, 0.0, 0.0, 0.0, 0.0]
[0, 0, 0.0, 0.0, 0.0, 0.0, 0.0, 0.0, 0.0, 0.0, 0.0, 0.0]
[(11, 33), (8, 14), (7, 21), (1, 22), (2, 8), (24, 25), (0, 16), (3, 5), (13, 19), (4, 31), (3, 26)]
74.3574685384
======PARAMS
2.5e-05
2.875e-05
True
[0, 0, 0.0, 0.0, 0.0, 0.0, 0.0, 0.0, 0.0, 0.0, 0.0, 0.0]
[0, 0, 0.0, 0.0, 0.0, 0.0, 0.0, 0.0, 0.0, 0.0, 0.0, 0.0]
[(11, 33), (8, 14), (7, 21), (1, 22), (2, 8), (24, 25), (0, 16), (3, 5), (13, 19), (4, 31), (3, 26)]
74.3446119567
======PARAMS
5e-05
5.75e-05
True
[0, 0, 0.0, 0.0, 0.0, 0.0, 0.0, 0.0, 0.0, 0.0, 0.0, 0.0]
[0, 0, 0.0, 0.0, 0.0, 0.0, 0.0, 0.0, 0.0, 0.0, 0.0, 0.0]
[(11, 33), (8, 14), (7, 21), (1, 22), (2, 8), (24, 25), (0, 16), (3, 5), (13, 19), (4, 31), (3, 26)]
74.3284843742
======PARAMS
7.5e-05
8.625e-05
True
[0, 0, 0.0, 0.0, 0.0, 0.0, 0.0, 0.0, 0.0, 0.0, 0.0, 0.0]
[0, 0, 0.0, 0.0, 0.0, 0.0, 0.0, 0.0, 0.0, 0.0, 0.0, 0.0]
[(11, 33), (8, 14), (7, 21), (1, 22), (2, 8), (24, 25), (0, 16), (3, 5), (13, 19), (4, 31), (3, 26)]
74.3168799518
======PARAMS
0.0001
0.000115
True
[0, 0, 0.0, 0.0, 0.0, 0.0, 0.0, 0.0, 0.0, 0.0, 0.0, 0.0]
[0, 0, 0.0, 0.0, 0.0, 0.0, 0.0, 0.0, 0.0, 0.0, 0.0, 0.0]
[(11, 33), (8, 14), (7, 21), (1, 22), (2, 8), (24, 25), (0, 16), (3, 5), (13, 19), (4, 31), (3, 26)]
74.3057150239
======PARAMS
0.00025
0.0002875
True
[0, 0, 0.0, 0.0, 0.0, 0.0, 0.0, 0.0, 0.0, 0.0, 0.0, 0.0]
[0, 0, 0.0, 0.0, 0.0, 0.0, 0.0, 0.0, 0.0, 0.0, 0.0, 0.0]
[(11, 33), (8, 14), (7, 21), (1, 22), (2, 8), (24, 25), (0, 16), (3, 5), (13, 19), (4, 31), (3, 26)]
74.2566599616
======PARAMS
0.0005
0.000575
True
[0, 0, 0.0, 0.0, 0.0, 0.0, 0.0, 0.0, 0.0, 0.0, 0.0, 0.0]
[0, 0, 0.0, 0.0, 0.0, 0.0, 0.0, 0.0, 0.0, 0.0, 0.0, 0.0]
[(11, 33), (8, 14), (7, 21), (1, 22), (2, 8), (24, 25), (0, 16), (3, 5), (13, 19), (3, 26), (7, 10)]
75.34827807
======PARAMS
0.00075
0.0008625
True
[0, 0, 0.0, 0.0, 0.0, 0.0, 0.0, 0.0, 0.0, 0.0, 0.0, 0.0]
[0, 0, 0.0, 0.0, 0.0, 0.0, 0.0, 0.0, 0.0, 0.0, 0.0, 0.0]
[(8, 14), (1, 22), (2, 8), (24, 25), (0, 16), (3, 5), (13, 19), (15, 30), (14, 15), (2, 9), (26, 32)]
73.9368191348
======PARAMS
0.001
0.00115
Average Selection iterations
28.1428571429
SUFFICIENT STATS
595
Recall
1.0
Precision
0.307692307692
F1-score
0.470588235294
False
[0, 0, 0.0, 0.0, 0.0, 0.0, 0.125, 0.25, 0.25, 0.375, 0.5, 0.625, 0.625, 0.625, 0.75, 0.75, 0.75, 0.875, 1.0, 1.0, 1.0, 1.0, 1.0, 1.0, 1.0, 1.0, 1.0, 1.0]
[0, 0, 0.0, 0.0, 0.0, 0.0, 0.2, 0.3333333333333333, 0.2857142857142857, 0.375, 0.4444444444444444, 0.5, 0.45454545454545453, 0.4166666666666667, 0.46153846153846156, 0.42857142857142855, 0.4, 0.4375, 0.47058823529411764, 0.4444444444444444, 0.42105263157894735, 0.4, 0.38095238095238093, 0.36363636363636365, 0.34782608695652173, 0.3333333333333333, 0.32, 0.3076923076923077]
[(13, 19), (17, 19), (9, 32), (10, 19), (17, 31), (10, 31), (11, 15), (3, 27), (11, 30), (19, 28), (17, 28), (13, 30), (7, 9), (13, 28), (8, 12), (13, 31), (19, 31), (7, 18), (0, 6), (10, 13), (10, 17), (13, 17), (10, 28), (28, 31), (9, 18), (19, 21)]
86.5059567973
NEW OPT FOUND
28
28
OPT PARAMS
0.001
0.00115
(0.00115, 0.001)
======PARAMS
0.0025
0.002875
Average Selection iterations
24.45
SUFFICIENT STATS
595
Recall
1.0
Precision
0.444444444444
F1-score
0.615384615385
False
[0, 0, 0.0, 0.0, 0.0, 0.125, 0.25, 0.375, 0.5, 0.625, 0.625, 0.75, 0.75, 0.875, 1.0, 1.0, 1.0, 1.0, 1.0, 1.0]
[0, 0, 0.0, 0.0, 0.0, 0.25, 0.4, 0.5, 0.5714285714285714, 0.625, 0.5555555555555556, 0.6, 0.5454545454545454, 0.5833333333333334, 0.6153846153846154, 0.5714285714285714, 0.5333333333333333, 0.5, 0.47058823529411764, 0.4444444444444444]
[(13, 19), (17, 19), (10, 19), (10, 31), (17, 31), (3, 27), (11, 30), (19, 28), (17, 28), (7, 9), (13, 28), (13, 31), (19, 31), (10, 13), (10, 17), (13, 17), (10, 28), (28, 31)]
83.7313513757
NEW OPT FOUND
20
20
OPT PARAMS
0.0025
0.002875
(0.002875, 0.0025)
======PARAMS
0.005
0.00575
Average Selection iterations
25.9473684211
SUFFICIENT STATS
595
Recall
1.0
Precision
0.470588235294
F1-score
0.64
False
[0, 0, 0.0, 0.0, 0.0, 0.125, 0.25, 0.375, 0.5, 0.625, 0.625, 0.75, 0.875, 1.0, 1.0, 1.0, 1.0, 1.0, 1.0]
[0, 0, 0.0, 0.0, 0.0, 0.25, 0.4, 0.5, 0.5714285714285714, 0.625, 0.5555555555555556, 0.6, 0.6363636363636364, 0.6666666666666666, 0.6153846153846154, 0.5714285714285714, 0.5333333333333333, 0.5, 0.47058823529411764]
[(13, 19), (17, 19), (10, 19), (10, 31), (17, 31), (3, 27), (11, 30), (19, 28), (17, 28), (7, 9), (19, 31), (13, 31), (10, 13), (10, 17), (13, 17), (10, 28), (28, 31)]
83.7873302562
NEW OPT FOUND
19
19
OPT PARAMS
0.005
0.00575
(0.00575, 0.005)
======PARAMS
0.0075
0.008625
Average Selection iterations
31.75
SUFFICIENT STATS
595
Recall
1.0
Precision
0.571428571429
F1-score
0.727272727273
False
[0, 0, 0.0, 0.125, 0.125, 0.25, 0.375, 0.5, 0.625, 0.75, 0.875, 1.0, 1.0, 1.0, 1.0, 1.0]
[0, 0, 0.0, 0.5, 0.3333333333333333, 0.5, 0.6, 0.6666666666666666, 0.7142857142857143, 0.75, 0.7777777777777778, 0.8, 0.7272727272727273, 0.6666666666666666, 0.6153846153846154, 0.5714285714285714]
[(17, 19), (10, 31), (10, 19), (17, 31), (19, 28), (3, 27), (11, 30), (7, 9), (19, 31), (13, 31), (10, 13), (10, 17), (13, 17), (28, 31)]
79.8166428368
NEW OPT FOUND
16
16
OPT PARAMS
0.0075
0.008625
(0.008624999999999999, 0.0075)
======PARAMS
0.01
0.0115
Average Selection iterations
33.7142857143
SUFFICIENT STATS
595
Recall
1.0
Precision
0.666666666667
F1-score
0.8
False
[0, 0, 0.0, 0.125, 0.125, 0.25, 0.375, 0.5, 0.625, 0.75, 0.875, 1.0, 1.0, 1.0]
[0, 0, 0.0, 0.5, 0.3333333333333333, 0.5, 0.6, 0.6666666666666666, 0.7142857142857143, 0.75, 0.7777777777777778, 0.8, 0.7272727272727273, 0.6666666666666666]
[(17, 19), (10, 31), (10, 19), (17, 31), (19, 28), (3, 27), (11, 30), (7, 9), (19, 31), (13, 31), (10, 13), (10, 17)]
77.8820566631
NEW OPT FOUND
14
14
OPT PARAMS
0.01
0.0115
(0.0115, 0.01)
OPT reached
OPT PARAMS
0.01
0.0115
>>>>>>>>>>>>>>>>>>>>>METHOD: queue
Average Selection iterations
264.785714286
SUFFICIENT STATS
595
Recall
1.0
Precision
0.666666666667
F1-score
0.8
14
14
>>>>>>>>>>>>>>>>>>>>>METHOD: Graft
SUFFICIENT STATS
595
Recall
1.0
Precision
0.666666666667
F1-score
0.8
[(7, 9), (19, 28), (11, 30), (3, 27), (10, 31), (17, 31), (19, 31), (13, 31), (10, 17), (10, 13), (17, 19), (10, 19)]
[0, 0, 0.125, 0.25, 0.375, 0.5, 0.625, 0.75, 0.875, 1.0, 1.0, 1.0, 1.0, 1.0]
14
14
structured
queue
graft
======================================Simulating data...
> Creating model
> Generating data
[0, 1, 2, 3, 4, 5, 6, 7, 8, 9, 10, 11, 12, 13, 14, 15, 16, 17, 18, 19, 20, 21, 22, 23, 24, 25, 26, 27, 28, 29, 30, 31, 32, 33, 34, 35, 36, 37, 38, 39, 40, 41, 42, 43, 44]
{0: 10, 1: 10, 2: 10, 3: 10, 4: 10, 5: 10, 6: 10, 7: 10, 8: 10, 9: 10, 10: 10, 11: 10, 12: 10, 13: 10, 14: 10, 15: 10, 16: 10, 17: 10, 18: 10, 19: 10, 20: 10, 21: 10, 22: 10, 23: 10, 24: 10, 25: 10, 26: 10, 27: 10, 28: 10, 29: 10, 30: 10, 31: 10, 32: 10, 33: 10, 34: 10, 35: 10, 36: 10, 37: 10, 38: 10, 39: 10, 40: 10, 41: 10, 42: 10, 43: 10, 44: 10}
10
NUM VARIABLES
45
NUM EDGES
11
EDGES
[(1, 9), (5, 24), (5, 39), (7, 11), (7, 27), (11, 18), (14, 30), (15, 20), (23, 30), (31, 41), (33, 34)]
>>>>>>>>>>>>>>>>>>>>>METHOD: structured
======PARAMS
1e-05
1.15e-05
True
[0, 0, 0.0, 0.0, 0.0, 0.0, 0.0, 0.0, 0.0, 0.0, 0.0, 0.0]
[0, 0, 0.0, 0.0, 0.0, 0.0, 0.0, 0.0, 0.0, 0.0, 0.0, 0.0]
[(8, 41), (23, 44), (31, 43), (13, 27), (27, 29), (9, 28), (25, 43), (17, 30), (7, 36), (2, 28), (4, 24)]
94.3947369702
======PARAMS
2.5e-05
2.875e-05
True
[0, 0, 0.0, 0.0, 0.0, 0.0, 0.0, 0.0, 0.0, 0.0, 0.0, 0.0]
[0, 0, 0.0, 0.0, 0.0, 0.0, 0.0, 0.0, 0.0, 0.0, 0.0, 0.0]
[(8, 41), (23, 44), (31, 43), (13, 27), (27, 29), (9, 28), (25, 43), (17, 30), (7, 36), (2, 28), (4, 24)]
94.3850724747
======PARAMS
5e-05
5.75e-05
True
[0, 0, 0.0, 0.0, 0.0, 0.0, 0.0, 0.0, 0.0, 0.0, 0.0, 0.0]
[0, 0, 0.0, 0.0, 0.0, 0.0, 0.0, 0.0, 0.0, 0.0, 0.0, 0.0]
[(8, 41), (23, 44), (31, 43), (13, 27), (27, 29), (9, 28), (25, 43), (17, 30), (7, 36), (2, 28), (4, 24)]
94.3722597504
======PARAMS
7.5e-05
8.625e-05
True
[0, 0, 0.0, 0.0, 0.0, 0.0, 0.0, 0.0, 0.0, 0.0, 0.0, 0.0]
[0, 0, 0.0, 0.0, 0.0, 0.0, 0.0, 0.0, 0.0, 0.0, 0.0, 0.0]
[(8, 41), (23, 44), (31, 43), (13, 27), (27, 29), (9, 28), (25, 43), (17, 30), (7, 36), (2, 28), (4, 24)]
94.3603591249
======PARAMS
0.0001
0.000115
True
[0, 0, 0.0, 0.0, 0.0, 0.0, 0.0, 0.0, 0.0, 0.0, 0.0, 0.0]
[0, 0, 0.0, 0.0, 0.0, 0.0, 0.0, 0.0, 0.0, 0.0, 0.0, 0.0]
[(8, 41), (23, 44), (31, 43), (13, 27), (27, 29), (9, 28), (25, 43), (17, 30), (7, 36), (2, 28), (4, 24)]
94.3501763868
======PARAMS
0.00025
0.0002875
True
[0, 0, 0.0, 0.0, 0.0, 0.0, 0.0, 0.0, 0.0, 0.0, 0.0, 0.0]
[0, 0, 0.0, 0.0, 0.0, 0.0, 0.0, 0.0, 0.0, 0.0, 0.0, 0.0]
[(8, 41), (23, 44), (31, 43), (13, 27), (27, 29), (9, 28), (25, 43), (17, 30), (7, 36), (2, 28), (4, 24)]
94.3057113031
======PARAMS
0.0005
0.000575
True
[0, 0, 0.0, 0.0, 0.0, 0.0, 0.0, 0.0, 0.0, 0.0, 0.0, 0.0]
[0, 0, 0.0, 0.0, 0.0, 0.0, 0.0, 0.0, 0.0, 0.0, 0.0, 0.0]
[(8, 41), (23, 44), (31, 43), (13, 27), (27, 29), (9, 28), (25, 43), (17, 30), (7, 36), (2, 28), (4, 24)]
94.257457451
======PARAMS
0.00075
0.0008625
True
[0, 0, 0.0, 0.0, 0.0, 0.0, 0.0, 0.0, 0.0, 0.0, 0.0, 0.0]
[0, 0, 0.0, 0.0, 0.0, 0.0, 0.0, 0.0, 0.0, 0.0, 0.0, 0.0]
[(25, 43), (3, 28), (20, 31), (4, 34), (17, 34), (17, 42), (14, 16), (28, 29), (3, 14), (40, 44), (21, 43)]
94.1069354155
======PARAMS
0.001
0.00115
Average Selection iterations
43.6666666667
SUFFICIENT STATS
990
Recall
1.0
Precision
0.6875
F1-score
0.814814814815
False
[0, 0, 0.09090909090909091, 0.18181818181818182, 0.2727272727272727, 0.36363636363636365, 0.45454545454545453, 0.45454545454545453, 0.5454545454545454, 0.5454545454545454, 0.6363636363636364, 0.6363636363636364, 0.7272727272727273, 0.8181818181818182, 0.9090909090909091, 0.9090909090909091, 0.9090909090909091, 1.0]
[0, 0, 1.0, 1.0, 1.0, 1.0, 1.0, 0.8333333333333334, 0.8571428571428571, 0.75, 0.7777777777777778, 0.7, 0.7272727272727273, 0.75, 0.7692307692307693, 0.7142857142857143, 0.6666666666666666, 0.6875]
[(11, 18), (14, 30), (5, 24), (23, 30), (31, 41), (11, 27), (7, 11), (18, 27), (7, 27), (7, 18), (15, 20), (1, 9), (33, 34), (14, 23), (24, 39), (5, 39)]
84.2933863403
NEW OPT FOUND
18
18
OPT PARAMS
0.001
0.00115
(0.00115, 0.001)
OPT reached
OPT PARAMS
0.001
0.00115
>>>>>>>>>>>>>>>>>>>>>METHOD: queue
Average Selection iterations
454.111111111
SUFFICIENT STATS
990
Recall
1.0
Precision
0.6875
F1-score
0.814814814815
18
18
>>>>>>>>>>>>>>>>>>>>>METHOD: Graft
SUFFICIENT STATS
990
Recall
1.0
Precision
0.6875
F1-score
0.814814814815
[(1, 9), (11, 18), (31, 41), (23, 30), (5, 39), (5, 24), (15, 20), (24, 39), (33, 34), (14, 30), (7, 11), (7, 27), (7, 18), (14, 23), (11, 27), (18, 27)]
[0, 0, 0.09090909090909091, 0.18181818181818182, 0.2727272727272727, 0.36363636363636365, 0.45454545454545453, 0.5454545454545454, 0.6363636363636364, 0.6363636363636364, 0.7272727272727273, 0.8181818181818182, 0.9090909090909091, 1.0, 1.0, 1.0, 1.0, 1.0]
18
18
structured
queue
graft
======================================Simulating data...
> Creating model
> Generating data
[0, 1, 2, 3, 4, 5, 6, 7, 8, 9, 10, 11, 12, 13, 14, 15, 16, 17, 18, 19, 20, 21, 22, 23, 24, 25, 26, 27, 28, 29, 30, 31, 32, 33, 34, 35, 36, 37, 38, 39, 40, 41, 42, 43, 44, 45, 46, 47, 48, 49, 50, 51, 52, 53, 54]
{0: 10, 1: 10, 2: 10, 3: 10, 4: 10, 5: 10, 6: 10, 7: 10, 8: 10, 9: 10, 10: 10, 11: 10, 12: 10, 13: 10, 14: 10, 15: 10, 16: 10, 17: 10, 18: 10, 19: 10, 20: 10, 21: 10, 22: 10, 23: 10, 24: 10, 25: 10, 26: 10, 27: 10, 28: 10, 29: 10, 30: 10, 31: 10, 32: 10, 33: 10, 34: 10, 35: 10, 36: 10, 37: 10, 38: 10, 39: 10, 40: 10, 41: 10, 42: 10, 43: 10, 44: 10, 45: 10, 46: 10, 47: 10, 48: 10, 49: 10, 50: 10, 51: 10, 52: 10, 53: 10, 54: 10}
10
NUM VARIABLES
55
NUM EDGES
13
EDGES
[(2, 10), (2, 22), (5, 37), (7, 51), (8, 26), (15, 32), (18, 28), (19, 20), (20, 49), (21, 40), (21, 41), (22, 40), (40, 42)]
>>>>>>>>>>>>>>>>>>>>>METHOD: structured
======PARAMS
1e-05
1.15e-05
True
[0, 0, 0.0, 0.0, 0.0, 0.0, 0.0, 0.0, 0.0, 0.0, 0.0, 0.0]
[0, 0, 0.0, 0.0, 0.0, 0.0, 0.0, 0.0, 0.0, 0.0, 0.0, 0.0]
[(19, 26), (29, 53), (22, 37), (13, 35), (1, 5), (35, 47), (1, 6), (17, 19), (9, 30), (29, 50), (21, 29)]
112.236233126
======PARAMS
2.5e-05
2.875e-05
True
[0, 0, 0.0, 0.0, 0.0, 0.0, 0.0, 0.0, 0.0, 0.0, 0.0, 0.0]
[0, 0, 0.0, 0.0, 0.0, 0.0, 0.0, 0.0, 0.0, 0.0, 0.0, 0.0]
[(19, 26), (29, 53), (22, 37), (13, 35), (1, 5), (35, 47), (1, 6), (17, 19), (9, 30), (29, 50), (21, 29)]
112.226207679
======PARAMS
5e-05
5.75e-05
True
[0, 0, 0.0, 0.0, 0.0, 0.0, 0.0, 0.0, 0.0, 0.0, 0.0, 0.0]
[0, 0, 0.0, 0.0, 0.0, 0.0, 0.0, 0.0, 0.0, 0.0, 0.0, 0.0]
[(19, 26), (29, 53), (22, 37), (13, 35), (1, 5), (35, 47), (1, 6), (17, 19), (9, 30), (29, 50), (21, 29)]
112.214433378
======PARAMS
7.5e-05
8.625e-05
True
[0, 0, 0.0, 0.0, 0.0, 0.0, 0.0, 0.0, 0.0, 0.0, 0.0, 0.0]
[0, 0, 0.0, 0.0, 0.0, 0.0, 0.0, 0.0, 0.0, 0.0, 0.0, 0.0]
[(19, 26), (29, 53), (22, 37), (13, 35), (1, 5), (35, 47), (1, 6), (17, 19), (9, 30), (29, 50), (21, 29)]
112.20454388
======PARAMS
0.0001
0.000115
True
[0, 0, 0.0, 0.0, 0.0, 0.0, 0.0, 0.0, 0.0, 0.0, 0.0, 0.0]
[0, 0, 0.0, 0.0, 0.0, 0.0, 0.0, 0.0, 0.0, 0.0, 0.0, 0.0]
[(19, 26), (29, 53), (22, 37), (13, 35), (1, 5), (35, 47), (1, 6), (17, 19), (9, 30), (29, 50), (21, 29)]
112.195730253
======PARAMS
0.00025
0.0002875
True
[0, 0, 0.0, 0.0, 0.0, 0.0, 0.0, 0.0, 0.0, 0.0, 0.0, 0.0]
[0, 0, 0.0, 0.0, 0.0, 0.0, 0.0, 0.0, 0.0, 0.0, 0.0, 0.0]
[(19, 26), (29, 53), (22, 37), (13, 35), (1, 5), (35, 47), (1, 6), (17, 19), (9, 30), (29, 50), (21, 29)]
112.152920768
======PARAMS
0.0005
0.000575
True
[0, 0, 0.0, 0.0, 0.0, 0.0, 0.0, 0.0, 0.0, 0.0, 0.0, 0.0]
[0, 0, 0.0, 0.0, 0.0, 0.0, 0.0, 0.0, 0.0, 0.0, 0.0, 0.0]
[(29, 53), (13, 35), (1, 5), (35, 47), (1, 6), (17, 19), (9, 30), (29, 50), (4, 5), (10, 31), (9, 26)]
111.151883662
======PARAMS
0.00075
0.0008625
True
[0, 0, 0.0, 0.0, 0.0, 0.0, 0.0, 0.0, 0.0, 0.0, 0.0, 0.0]
[0, 0, 0.0, 0.0, 0.0, 0.0, 0.0, 0.0, 0.0, 0.0, 0.0, 0.0]
[(15, 24), (19, 49), (21, 47), (22, 42), (45, 46), (10, 40), (2, 42), (32, 41), (7, 31), (21, 42), (26, 45)]
116.603715507
======PARAMS
0.001
0.00115
Average Selection iterations
62.5
SUFFICIENT STATS
1485
Recall
1.0
Precision
0.65
F1-score
0.787878787879
False
[0, 0, 0.0, 0.07692307692307693, 0.15384615384615385, 0.23076923076923078, 0.23076923076923078, 0.3076923076923077, 0.38461538461538464, 0.46153846153846156, 0.5384615384615384, 0.6153846153846154, 0.6153846153846154, 0.6923076923076923, 0.6923076923076923, 0.6923076923076923, 0.7692307692307693, 0.8461538461538461, 0.9230769230769231, 1.0, 1.0, 1.0]
[0, 0, 0.0, 0.5, 0.6666666666666666, 0.75, 0.6, 0.6666666666666666, 0.7142857142857143, 0.75, 0.7777777777777778, 0.8, 0.7272727272727273, 0.75, 0.6923076923076923, 0.6428571428571429, 0.6666666666666666, 0.6875, 0.7058823529411765, 0.7222222222222222, 0.6842105263157895, 0.65]
[(19, 49), (22, 40), (5, 37), (20, 49), (21, 42), (7, 51), (8, 26), (21, 41), (21, 40), (2, 22), (2, 40), (18, 28), (41, 42), (10, 22), (40, 42), (19, 20), (15, 32), (2, 10), (22, 42), (40, 41)]
108.280332214
NEW OPT FOUND
22
22
OPT PARAMS
0.001
0.00115
(0.00115, 0.001)
======PARAMS
0.0025
0.002875
Average Selection iterations
68.2105263158
SUFFICIENT STATS
1485
Recall
0.923076923077
Precision
0.705882352941
F1-score
0.8
False
[0, 0, 0.0, 0.07692307692307693, 0.15384615384615385, 0.23076923076923078, 0.23076923076923078, 0.3076923076923077, 0.38461538461538464, 0.46153846153846156, 0.5384615384615384, 0.6153846153846154, 0.6153846153846154, 0.6153846153846154, 0.6923076923076923, 0.6923076923076923, 0.7692307692307693, 0.8461538461538461, 0.9230769230769231]
[0, 0, 0.0, 0.5, 0.6666666666666666, 0.75, 0.6, 0.6666666666666666, 0.7142857142857143, 0.75, 0.7777777777777778, 0.8, 0.7272727272727273, 0.6666666666666666, 0.6923076923076923, 0.6428571428571429, 0.6666666666666666, 0.6875, 0.7058823529411765]
[(19, 49), (5, 37), (20, 49), (7, 51), (21, 42), (8, 26), (21, 41), (21, 40), (2, 22), (18, 28), (41, 42), (10, 22), (40, 42), (40, 41), (19, 20), (15, 32), (2, 10)]
107.247525987
NEW OPT FOUND
19
19
OPT PARAMS
0.0025
0.002875
(0.002875, 0.0025)
OPT reached
OPT PARAMS
0.0025
0.002875
>>>>>>>>>>>>>>>>>>>>>METHOD: queue
Average Selection iterations
709.684210526
SUFFICIENT STATS
1485
Recall
0.923076923077
Precision
0.705882352941
F1-score
0.8
19
19
>>>>>>>>>>>>>>>>>>>>>METHOD: Graft
SUFFICIENT STATS
1485
Recall
0.923076923077
Precision
0.705882352941
F1-score
0.8
[(8, 26), (21, 41), (15, 32), (5, 37), (20, 49), (2, 22), (7, 51), (19, 20), (2, 10), (10, 22), (18, 28), (19, 49), (40, 42), (21, 40), (40, 41), (21, 42), (41, 42)]
[0, 0, 0.07692307692307693, 0.15384615384615385, 0.23076923076923078, 0.3076923076923077, 0.38461538461538464, 0.46153846153846156, 0.5384615384615384, 0.6153846153846154, 0.6923076923076923, 0.6923076923076923, 0.7692307692307693, 0.7692307692307693, 0.8461538461538461, 0.9230769230769231, 0.9230769230769231, 0.9230769230769231, 0.9230769230769231]
19
19
structured
queue
graft
======================================Simulating data...
> Creating model
> Generating data
[0, 1, 2, 3, 4, 5, 6, 7, 8, 9, 10, 11, 12, 13, 14, 15, 16, 17, 18, 19, 20, 21, 22, 23, 24, 25, 26, 27, 28, 29, 30, 31, 32, 33, 34, 35, 36, 37, 38, 39, 40, 41, 42, 43, 44, 45, 46, 47, 48, 49, 50, 51, 52, 53, 54, 55, 56, 57, 58, 59, 60, 61, 62, 63, 64]
{0: 10, 1: 10, 2: 10, 3: 10, 4: 10, 5: 10, 6: 10, 7: 10, 8: 10, 9: 10, 10: 10, 11: 10, 12: 10, 13: 10, 14: 10, 15: 10, 16: 10, 17: 10, 18: 10, 19: 10, 20: 10, 21: 10, 22: 10, 23: 10, 24: 10, 25: 10, 26: 10, 27: 10, 28: 10, 29: 10, 30: 10, 31: 10, 32: 10, 33: 10, 34: 10, 35: 10, 36: 10, 37: 10, 38: 10, 39: 10, 40: 10, 41: 10, 42: 10, 43: 10, 44: 10, 45: 10, 46: 10, 47: 10, 48: 10, 49: 10, 50: 10, 51: 10, 52: 10, 53: 10, 54: 10, 55: 10, 56: 10, 57: 10, 58: 10, 59: 10, 60: 10, 61: 10, 62: 10, 63: 10, 64: 10}
10
NUM VARIABLES
65
NUM EDGES
16
EDGES
[(2, 42), (8, 31), (9, 21), (18, 52), (18, 60), (19, 59), (22, 51), (25, 43), (26, 30), (28, 44), (31, 38), (33, 60), (34, 49), (34, 62), (43, 48), (45, 57)]
>>>>>>>>>>>>>>>>>>>>>METHOD: structured
======PARAMS
1e-05
1.15e-05
True
[0, 0, 0.0, 0.0, 0.0, 0.0, 0.0, 0.0, 0.0, 0.0, 0.0, 0.0]
[0, 0, 0.0, 0.0, 0.0, 0.0, 0.0, 0.0, 0.0, 0.0, 0.0, 0.0]
[(24, 50), (2, 11), (22, 36), (39, 42), (7, 25), (11, 64), (16, 64), (26, 35), (8, 21), (11, 27), (18, 26)]
132.407276433
======PARAMS
2.5e-05
2.875e-05
True
[0, 0, 0.0, 0.0, 0.0, 0.0, 0.0, 0.0, 0.0, 0.0, 0.0, 0.0]
[0, 0, 0.0, 0.0, 0.0, 0.0, 0.0, 0.0, 0.0, 0.0, 0.0, 0.0]
[(24, 50), (2, 11), (22, 36), (39, 42), (7, 25), (11, 64), (16, 64), (26, 35), (8, 21), (11, 27), (18, 26)]
132.399961128
======PARAMS
5e-05
5.75e-05
True
[0, 0, 0.0, 0.0, 0.0, 0.0, 0.0, 0.0, 0.0, 0.0, 0.0, 0.0]
[0, 0, 0.0, 0.0, 0.0, 0.0, 0.0, 0.0, 0.0, 0.0, 0.0, 0.0]
[(24, 50), (2, 11), (22, 36), (39, 42), (7, 25), (11, 64), (16, 64), (26, 35), (8, 21), (11, 27), (18, 26)]
132.39083188
======PARAMS
7.5e-05
8.625e-05
True
[0, 0, 0.0, 0.0, 0.0, 0.0, 0.0, 0.0, 0.0, 0.0, 0.0, 0.0]
[0, 0, 0.0, 0.0, 0.0, 0.0, 0.0, 0.0, 0.0, 0.0, 0.0, 0.0]
[(24, 50), (2, 11), (22, 36), (39, 42), (7, 25), (11, 64), (16, 64), (26, 35), (8, 21), (11, 27), (18, 26)]
132.382361237
======PARAMS
0.0001
0.000115
True
[0, 0, 0.0, 0.0, 0.0, 0.0, 0.0, 0.0, 0.0, 0.0, 0.0, 0.0]
[0, 0, 0.0, 0.0, 0.0, 0.0, 0.0, 0.0, 0.0, 0.0, 0.0, 0.0]
[(24, 50), (2, 11), (22, 36), (39, 42), (7, 25), (11, 64), (16, 64), (26, 35), (8, 21), (11, 27), (18, 26)]
132.375065647
======PARAMS
0.00025
0.0002875
True
[0, 0, 0.0, 0.0, 0.0, 0.0, 0.0, 0.0, 0.0, 0.0, 0.0, 0.0]
[0, 0, 0.0, 0.0, 0.0, 0.0, 0.0, 0.0, 0.0, 0.0, 0.0, 0.0]
[(24, 50), (2, 11), (22, 36), (39, 42), (7, 25), (11, 64), (16, 64), (26, 35), (8, 21), (11, 27), (18, 26)]
132.341063108
======PARAMS
0.0005
0.000575
True
[0, 0, 0.0, 0.0, 0.0, 0.0, 0.0, 0.0, 0.0, 0.0, 0.0, 0.0]
[0, 0, 0.0, 0.0, 0.0, 0.0, 0.0, 0.0, 0.0, 0.0, 0.0, 0.0]
[(24, 50), (2, 11), (39, 42), (7, 25), (11, 64), (16, 64), (26, 35), (11, 27), (18, 26), (18, 30), (6, 13)]
133.021873111
======PARAMS
0.00075
0.0008625
Average Selection iterations
63.0714285714
SUFFICIENT STATS
2080
Recall
1.0
Precision
0.615384615385
F1-score
0.761904761905
False
[0, 0, 0.0625, 0.125, 0.125, 0.1875, 0.1875, 0.1875, 0.25, 0.3125, 0.375, 0.4375, 0.5, 0.5, 0.5625, 0.625, 0.625, 0.6875, 0.75, 0.8125, 0.875, 0.875, 0.9375, 0.9375, 1.0, 1.0, 1.0, 1.0]
[0, 0, 1.0, 1.0, 0.6666666666666666, 0.75, 0.6, 0.5, 0.5714285714285714, 0.625, 0.6666666666666666, 0.7, 0.7272727272727273, 0.6666666666666666, 0.6923076923076923, 0.7142857142857143, 0.6666666666666666, 0.6875, 0.7058823529411765, 0.7222222222222222, 0.7368421052631579, 0.7, 0.7142857142857143, 0.6818181818181818, 0.6956521739130435, 0.6666666666666666, 0.64, 0.6153846153846154]
[(31, 38), (25, 43), (48, 50), (9, 21), (49, 62), (18, 33), (19, 59), (26, 30), (18, 52), (18, 60), (45, 57), (52, 60), (2, 42), (34, 49), (25, 26), (43, 48), (22, 51), (28, 44), (34, 62), (33, 52), (8, 31), (62, 63), (33, 60), (8, 38), (25, 48), (26, 33)]
122.702605271
NEW OPT FOUND
28
28
OPT PARAMS
0.00075
0.0008625
(0.0008625, 0.00075)
======PARAMS
0.001
0.00115
Average Selection iterations
70.5416666667
SUFFICIENT STATS
2080
Recall
1.0
Precision
0.727272727273
F1-score
0.842105263158
False
[0, 0, 0.0625, 0.125, 0.1875, 0.1875, 0.1875, 0.25, 0.3125, 0.3125, 0.375, 0.4375, 0.5, 0.5, 0.5625, 0.625, 0.6875, 0.75, 0.8125, 0.875, 0.9375, 1.0, 1.0, 1.0]
[0, 0, 1.0, 1.0, 1.0, 0.75, 0.6, 0.6666666666666666, 0.7142857142857143, 0.625, 0.6666666666666666, 0.7, 0.7272727272727273, 0.6666666666666666, 0.6923076923076923, 0.7142857142857143, 0.7333333333333333, 0.75, 0.7647058823529411, 0.7777777777777778, 0.7894736842105263, 0.8, 0.7619047619047619, 0.7272727272727273]
[(31, 38), (25, 43), (9, 21), (49, 62), (18, 33), (19, 59), (26, 30), (33, 52), (18, 52), (18, 60), (45, 57), (52, 60), (2, 42), (34, 49), (43, 48), (22, 51), (28, 44), (34, 62), (8, 31), (33, 60), (8, 38), (25, 48)]
119.716376815
NEW OPT FOUND
24
24
OPT PARAMS
0.001
0.00115
(0.00115, 0.001)
OPT reached
OPT PARAMS
0.001
0.00115
>>>>>>>>>>>>>>>>>>>>>METHOD: queue
Average Selection iterations
1033.08333333
SUFFICIENT STATS
2080
Recall
1.0
Precision
0.727272727273
F1-score
0.842105263158
24
24
>>>>>>>>>>>>>>>>>>>>>METHOD: Graft
SUFFICIENT STATS
2080
Recall
1.0
Precision
0.727272727273
F1-score
0.842105263158
[(18, 60), (8, 31), (43, 48), (2, 42), (26, 30), (45, 57), (25, 43), (33, 60), (22, 51), (19, 59), (25, 48), (18, 33), (31, 38), (18, 52), (28, 44), (52, 60), (8, 38), (34, 49), (33, 52), (9, 21), (34, 62), (49, 62)]
[0, 0, 0.0625, 0.125, 0.1875, 0.25, 0.3125, 0.375, 0.4375, 0.5, 0.5625, 0.625, 0.625, 0.625, 0.6875, 0.75, 0.8125, 0.8125, 0.8125, 0.875, 0.875, 0.9375, 1.0, 1.0]
24
24
structured
queue
graft
======================================Simulating data...
> Creating model
> Generating data
[0, 1, 2, 3, 4, 5, 6, 7, 8, 9, 10, 11, 12, 13, 14, 15, 16, 17, 18, 19, 20, 21, 22, 23, 24, 25, 26, 27, 28, 29, 30, 31, 32, 33, 34, 35, 36, 37, 38, 39, 40, 41, 42, 43, 44, 45, 46, 47, 48, 49, 50, 51, 52, 53, 54, 55, 56, 57, 58, 59, 60, 61, 62, 63, 64, 65, 66, 67, 68, 69, 70, 71, 72, 73, 74]
{0: 10, 1: 10, 2: 10, 3: 10, 4: 10, 5: 10, 6: 10, 7: 10, 8: 10, 9: 10, 10: 10, 11: 10, 12: 10, 13: 10, 14: 10, 15: 10, 16: 10, 17: 10, 18: 10, 19: 10, 20: 10, 21: 10, 22: 10, 23: 10, 24: 10, 25: 10, 26: 10, 27: 10, 28: 10, 29: 10, 30: 10, 31: 10, 32: 10, 33: 10, 34: 10, 35: 10, 36: 10, 37: 10, 38: 10, 39: 10, 40: 10, 41: 10, 42: 10, 43: 10, 44: 10, 45: 10, 46: 10, 47: 10, 48: 10, 49: 10, 50: 10, 51: 10, 52: 10, 53: 10, 54: 10, 55: 10, 56: 10, 57: 10, 58: 10, 59: 10, 60: 10, 61: 10, 62: 10, 63: 10, 64: 10, 65: 10, 66: 10, 67: 10, 68: 10, 69: 10, 70: 10, 71: 10, 72: 10, 73: 10, 74: 10}
10
NUM VARIABLES
75
NUM EDGES
18
EDGES
[(2, 23), (3, 37), (7, 27), (9, 37), (9, 63), (16, 74), (17, 41), (17, 48), (18, 51), (20, 21), (25, 64), (26, 54), (29, 38), (29, 59), (30, 60), (36, 55), (42, 64), (56, 63)]
>>>>>>>>>>>>>>>>>>>>>METHOD: structured
======PARAMS
1e-05
1.15e-05
True
[0, 0, 0.0, 0.0, 0.0, 0.0, 0.0, 0.0, 0.0, 0.0, 0.0, 0.0]
[0, 0, 0.0, 0.0, 0.0, 0.0, 0.0, 0.0, 0.0, 0.0, 0.0, 0.0]
[(2, 17), (62, 63), (7, 32), (9, 25), (25, 58), (55, 61), (46, 62), (24, 31), (61, 71), (8, 47), (44, 50)]
153.369583048
======PARAMS
2.5e-05
2.875e-05
True
[0, 0, 0.0, 0.0, 0.0, 0.0, 0.0, 0.0, 0.0, 0.0, 0.0, 0.0]
[0, 0, 0.0, 0.0, 0.0, 0.0, 0.0, 0.0, 0.0, 0.0, 0.0, 0.0]
[(2, 17), (62, 63), (7, 32), (9, 25), (25, 58), (55, 61), (46, 62), (24, 31), (61, 71), (8, 47), (44, 50)]
153.361476963
======PARAMS
5e-05
5.75e-05
True
[0, 0, 0.0, 0.0, 0.0, 0.0, 0.0, 0.0, 0.0, 0.0, 0.0, 0.0]
[0, 0, 0.0, 0.0, 0.0, 0.0, 0.0, 0.0, 0.0, 0.0, 0.0, 0.0]
[(2, 17), (62, 63), (7, 32), (9, 25), (25, 58), (55, 61), (46, 62), (24, 31), (61, 71), (8, 47), (44, 50)]
153.35131896
======PARAMS
7.5e-05
8.625e-05
True
[0, 0, 0.0, 0.0, 0.0, 0.0, 0.0, 0.0, 0.0, 0.0, 0.0, 0.0]
[0, 0, 0.0, 0.0, 0.0, 0.0, 0.0, 0.0, 0.0, 0.0, 0.0, 0.0]
[(2, 17), (62, 63), (7, 32), (9, 25), (25, 58), (55, 61), (46, 62), (24, 31), (61, 71), (8, 47), (44, 50)]
153.34211098
======PARAMS
0.0001
0.000115
True
[0, 0, 0.0, 0.0, 0.0, 0.0, 0.0, 0.0, 0.0, 0.0, 0.0, 0.0]
[0, 0, 0.0, 0.0, 0.0, 0.0, 0.0, 0.0, 0.0, 0.0, 0.0, 0.0]
[(2, 17), (62, 63), (7, 32), (9, 25), (25, 58), (55, 61), (46, 62), (24, 31), (61, 71), (8, 47), (44, 50)]
153.334165388
======PARAMS
0.00025
0.0002875
True
[0, 0, 0.0, 0.0, 0.0, 0.0, 0.0, 0.0, 0.0, 0.0, 0.0, 0.0]
[0, 0, 0.0, 0.0, 0.0, 0.0, 0.0, 0.0, 0.0, 0.0, 0.0, 0.0]
[(2, 17), (62, 63), (7, 32), (9, 25), (25, 58), (55, 61), (46, 62), (24, 31), (61, 71), (8, 47), (44, 50)]
153.296494271
======PARAMS
0.0005
0.000575
True
[0, 0, 0.0, 0.0, 0.0, 0.0, 0.0, 0.0, 0.0, 0.0, 0.0, 0.0]
[0, 0, 0.0, 0.0, 0.0, 0.0, 0.0, 0.0, 0.0, 0.0, 0.0, 0.0]
[(2, 17), (62, 63), (7, 32), (9, 25), (25, 58), (46, 62), (24, 31), (61, 71), (8, 47), (44, 50), (33, 56)]
152.776209425
======PARAMS
0.00075
0.0008625
Average Selection iterations
78.0
SUFFICIENT STATS
2775
Recall
1.0
Precision
0.642857142857
F1-score
0.782608695652
False
[0, 0, 0.0, 0.05555555555555555, 0.05555555555555555, 0.1111111111111111, 0.16666666666666666, 0.2222222222222222, 0.2777777777777778, 0.2777777777777778, 0.3333333333333333, 0.3333333333333333, 0.3888888888888889, 0.3888888888888889, 0.4444444444444444, 0.5, 0.5555555555555556, 0.6111111111111112, 0.6111111111111112, 0.6666666666666666, 0.6666666666666666, 0.6666666666666666, 0.7222222222222222, 0.7777777777777778, 0.8333333333333334, 0.8888888888888888, 0.9444444444444444, 0.9444444444444444, 1.0, 1.0]
[0, 0, 0.0, 0.5, 0.3333333333333333, 0.5, 0.6, 0.6666666666666666, 0.7142857142857143, 0.625, 0.6666666666666666, 0.6, 0.6363636363636364, 0.5833333333333334, 0.6153846153846154, 0.6428571428571429, 0.6666666666666666, 0.6875, 0.6470588235294118, 0.6666666666666666, 0.631578947368421, 0.6, 0.6190476190476191, 0.6363636363636364, 0.6521739130434783, 0.6666666666666666, 0.68, 0.6538461538461539, 0.6666666666666666, 0.6428571428571429]
[(3, 9), (2, 23), (37, 56), (30, 60), (7, 27), (17, 41), (29, 38), (25, 42), (42, 64), (41, 48), (17, 48), (3, 56), (9, 63), (56, 63), (25, 64), (29, 59), (9, 56), (3, 37), (37, 63), (38, 59), (36, 55), (26, 54), (9, 37), (16, 74), (18, 51), (3, 63), (20, 21), (17, 37)]
143.305477933
NEW OPT FOUND
30
30
OPT PARAMS
0.00075
0.0008625
(0.0008625, 0.00075)
======PARAMS
0.001
0.00115
Average Selection iterations
79.1034482759
SUFFICIENT STATS
2775
Recall
1.0
Precision
0.666666666667
F1-score
0.8
False
[0, 0, 0.0, 0.05555555555555555, 0.05555555555555555, 0.1111111111111111, 0.16666666666666666, 0.2222222222222222, 0.2777777777777778, 0.2777777777777778, 0.3333333333333333, 0.3333333333333333, 0.3888888888888889, 0.3888888888888889, 0.4444444444444444, 0.5, 0.5555555555555556, 0.6111111111111112, 0.6111111111111112, 0.6666666666666666, 0.6666666666666666, 0.6666666666666666, 0.7222222222222222, 0.7777777777777778, 0.8333333333333334, 0.8888888888888888, 0.9444444444444444, 0.9444444444444444, 1.0]
[0, 0, 0.0, 0.5, 0.3333333333333333, 0.5, 0.6, 0.6666666666666666, 0.7142857142857143, 0.625, 0.6666666666666666, 0.6, 0.6363636363636364, 0.5833333333333334, 0.6153846153846154, 0.6428571428571429, 0.6666666666666666, 0.6875, 0.6470588235294118, 0.6666666666666666, 0.631578947368421, 0.6, 0.6190476190476191, 0.6363636363636364, 0.6521739130434783, 0.6666666666666666, 0.68, 0.6538461538461539, 0.6666666666666666]
[(3, 9), (2, 23), (37, 56), (30, 60), (7, 27), (17, 41), (29, 38), (25, 42), (42, 64), (41, 48), (17, 48), (3, 56), (9, 63), (56, 63), (25, 64), (29, 59), (9, 56), (3, 37), (37, 63), (38, 59), (36, 55), (26, 54), (9, 37), (16, 74), (18, 51), (3, 63), (20, 21)]
142.650727808
NEW OPT FOUND
29
29
OPT PARAMS
0.001
0.00115
(0.00115, 0.001)
OPT reached
OPT PARAMS
0.001
0.00115
>>>>>>>>>>>>>>>>>>>>>METHOD: queue
Average Selection iterations
1239.68965517
SUFFICIENT STATS
2775
Recall
1.0
Precision
0.666666666667
F1-score
0.8
29
29
>>>>>>>>>>>>>>>>>>>>>METHOD: Graft
SUFFICIENT STATS
2775
Recall
1.0
Precision
0.666666666667
F1-score
0.8
[(9, 37), (56, 63), (36, 55), (3, 37), (26, 54), (3, 9), (20, 21), (42, 64), (30, 60), (25, 64), (18, 51), (7, 27), (2, 23), (17, 48), (17, 41), (25, 42), (16, 74), (9, 63), (41, 48), (37, 63), (29, 59), (9, 56), (37, 56), (3, 63), (3, 56), (29, 38), (38, 59)]
[0, 0, 0.05555555555555555, 0.1111111111111111, 0.16666666666666666, 0.2222222222222222, 0.2777777777777778, 0.2777777777777778, 0.3333333333333333, 0.3888888888888889, 0.4444444444444444, 0.5, 0.5555555555555556, 0.6111111111111112, 0.6666666666666666, 0.7222222222222222, 0.7777777777777778, 0.7777777777777778, 0.8333333333333334, 0.8888888888888888, 0.8888888888888888, 0.8888888888888888, 0.9444444444444444, 0.9444444444444444, 0.9444444444444444, 0.9444444444444444, 0.9444444444444444, 1.0, 1.0]
29
29
structured
queue
graft
======================================Simulating data...
> Creating model
> Generating data
[0, 1, 2, 3, 4, 5, 6, 7, 8, 9, 10, 11, 12, 13, 14, 15, 16, 17, 18, 19, 20, 21, 22, 23, 24, 25, 26, 27, 28, 29, 30, 31, 32, 33, 34, 35, 36, 37, 38, 39, 40, 41, 42, 43, 44, 45, 46, 47, 48, 49, 50, 51, 52, 53, 54, 55, 56, 57, 58, 59, 60, 61, 62, 63, 64, 65, 66, 67, 68, 69, 70, 71, 72, 73, 74, 75, 76, 77, 78, 79, 80, 81, 82, 83, 84]
{0: 10, 1: 10, 2: 10, 3: 10, 4: 10, 5: 10, 6: 10, 7: 10, 8: 10, 9: 10, 10: 10, 11: 10, 12: 10, 13: 10, 14: 10, 15: 10, 16: 10, 17: 10, 18: 10, 19: 10, 20: 10, 21: 10, 22: 10, 23: 10, 24: 10, 25: 10, 26: 10, 27: 10, 28: 10, 29: 10, 30: 10, 31: 10, 32: 10, 33: 10, 34: 10, 35: 10, 36: 10, 37: 10, 38: 10, 39: 10, 40: 10, 41: 10, 42: 10, 43: 10, 44: 10, 45: 10, 46: 10, 47: 10, 48: 10, 49: 10, 50: 10, 51: 10, 52: 10, 53: 10, 54: 10, 55: 10, 56: 10, 57: 10, 58: 10, 59: 10, 60: 10, 61: 10, 62: 10, 63: 10, 64: 10, 65: 10, 66: 10, 67: 10, 68: 10, 69: 10, 70: 10, 71: 10, 72: 10, 73: 10, 74: 10, 75: 10, 76: 10, 77: 10, 78: 10, 79: 10, 80: 10, 81: 10, 82: 10, 83: 10, 84: 10}
10
NUM VARIABLES
85
NUM EDGES
21
EDGES
[(1, 57), (5, 71), (6, 81), (10, 26), (13, 23), (15, 63), (16, 29), (18, 54), (21, 55), (23, 53), (26, 68), (34, 79), (36, 64), (40, 46), (45, 76), (45, 80), (48, 73), (57, 73), (60, 84), (66, 84), (74, 76)]
>>>>>>>>>>>>>>>>>>>>>METHOD: structured
======PARAMS
1e-05
1.15e-05
True
[0, 0, 0.0, 0.0, 0.0, 0.0, 0.0, 0.0, 0.0, 0.0, 0.0, 0.0]
[0, 0, 0.0, 0.0, 0.0, 0.0, 0.0, 0.0, 0.0, 0.0, 0.0, 0.0]
[(20, 51), (57, 74), (13, 71), (4, 31), (54, 69), (67, 82), (59, 64), (20, 23), (28, 59), (6, 69), (28, 38)]
174.772512516
======PARAMS
2.5e-05
2.875e-05
True
[0, 0, 0.0, 0.0, 0.0, 0.0, 0.0, 0.0, 0.0, 0.0, 0.0, 0.0]
[0, 0, 0.0, 0.0, 0.0, 0.0, 0.0, 0.0, 0.0, 0.0, 0.0, 0.0]
[(20, 51), (57, 74), (13, 71), (4, 31), (54, 69), (67, 82), (59, 64), (20, 23), (28, 59), (6, 69), (28, 38)]
174.766097297
======PARAMS
5e-05
5.75e-05
True
[0, 0, 0.0, 0.0, 0.0, 0.0, 0.0, 0.0, 0.0, 0.0, 0.0, 0.0]
[0, 0, 0.0, 0.0, 0.0, 0.0, 0.0, 0.0, 0.0, 0.0, 0.0, 0.0]
[(20, 51), (57, 74), (13, 71), (4, 31), (54, 69), (67, 82), (59, 64), (20, 23), (28, 59), (6, 69), (28, 38)]
174.757872223
======PARAMS
7.5e-05
8.625e-05
True
[0, 0, 0.0, 0.0, 0.0, 0.0, 0.0, 0.0, 0.0, 0.0, 0.0, 0.0]
[0, 0, 0.0, 0.0, 0.0, 0.0, 0.0, 0.0, 0.0, 0.0, 0.0, 0.0]
[(20, 51), (57, 74), (13, 71), (4, 31), (54, 69), (67, 82), (59, 64), (20, 23), (28, 59), (6, 69), (28, 38)]
174.750324781
======PARAMS
0.0001
0.000115
True
[0, 0, 0.0, 0.0, 0.0, 0.0, 0.0, 0.0, 0.0, 0.0, 0.0, 0.0]
[0, 0, 0.0, 0.0, 0.0, 0.0, 0.0, 0.0, 0.0, 0.0, 0.0, 0.0]
[(20, 51), (57, 74), (13, 71), (4, 31), (54, 69), (67, 82), (59, 64), (20, 23), (28, 59), (6, 69), (28, 38)]
174.743934808
======PARAMS
0.00025
0.0002875
True
[0, 0, 0.0, 0.0, 0.0, 0.0, 0.0, 0.0, 0.0, 0.0, 0.0, 0.0]
[0, 0, 0.0, 0.0, 0.0, 0.0, 0.0, 0.0, 0.0, 0.0, 0.0, 0.0]
[(20, 51), (57, 74), (13, 71), (4, 31), (54, 69), (67, 82), (59, 64), (20, 23), (28, 59), (6, 69), (28, 38)]
174.712716852
======PARAMS
0.0005
0.000575
True
[0, 0, 0.0, 0.0, 0.0, 0.0, 0.0, 0.0, 0.0, 0.0, 0.0, 0.0]
[0, 0, 0.0, 0.0, 0.0, 0.0, 0.0, 0.0, 0.0, 0.0, 0.0, 0.0]
[(20, 51), (4, 31), (67, 82), (28, 59), (28, 38), (12, 20), (2, 64), (30, 53), (7, 59), (17, 18), (17, 66)]
171.594362323
======PARAMS
0.00075
0.0008625
Average Selection iterations
64.847826087
SUFFICIENT STATS
3570
Recall
1.0
Precision
0.477272727273
F1-score
0.646153846154
False
[0, 0, 0.0, 0.0, 0.0, 0.0, 0.0, 0.047619047619047616, 0.047619047619047616, 0.09523809523809523, 0.09523809523809523, 0.14285714285714285, 0.14285714285714285, 0.19047619047619047, 0.23809523809523808, 0.2857142857142857, 0.3333333333333333, 0.38095238095238093, 0.42857142857142855, 0.47619047619047616, 0.47619047619047616, 0.47619047619047616, 0.5238095238095238, 0.5714285714285714, 0.6190476190476191, 0.6190476190476191, 0.6190476190476191, 0.6190476190476191, 0.6190476190476191, 0.6190476190476191, 0.6666666666666666, 0.7142857142857143, 0.7619047619047619, 0.7619047619047619, 0.7619047619047619, 0.8095238095238095, 0.8095238095238095, 0.8095238095238095, 0.8571428571428571, 0.9047619047619048, 0.9523809523809523, 0.9523809523809523, 0.9523809523809523, 0.9523809523809523, 1.0, 1.0]
[0, 0, 0.0, 0.0, 0.0, 0.0, 0.0, 0.16666666666666666, 0.14285714285714285, 0.25, 0.2222222222222222, 0.3, 0.2727272727272727, 0.3333333333333333, 0.38461538461538464, 0.42857142857142855, 0.4666666666666667, 0.5, 0.5294117647058824, 0.5555555555555556, 0.5263157894736842, 0.5, 0.5238095238095238, 0.5454545454545454, 0.5652173913043478, 0.5416666666666666, 0.52, 0.5, 0.48148148148148145, 0.4642857142857143, 0.4827586206896552, 0.5, 0.5161290322580645, 0.5, 0.48484848484848486, 0.5, 0.4857142857142857, 0.4722222222222222, 0.4864864864864865, 0.5, 0.5128205128205128, 0.5, 0.4878048780487805, 0.47619047619047616, 0.4883720930232558, 0.4772727272727273]
[(48, 68), (10, 34), (1, 48), (26, 48), (73, 84), (74, 76), (1, 73), (48, 73), (76, 80), (6, 81), (57, 84), (60, 84), (45, 80), (1, 57), (23, 53), (5, 71), (15, 63), (18, 54), (1, 60), (26, 79), (45, 76), (21, 55), (36, 64), (57, 60), (74, 80), (45, 74), (1, 84), (26, 34), (16, 29), (34, 79), (57, 73), (68, 73), (60, 66), (26, 68), (34, 73), (13, 53), (13, 23), (40, 46), (66, 84), (48, 57), (10, 68), (60, 73), (10, 26), (34, 48)]
173.58238078
NEW OPT FOUND
46
46
OPT PARAMS
0.00075
0.0008625
(0.0008625, 0.00075)
======PARAMS
0.001
0.00115
Average Selection iterations
94.5625
SUFFICIENT STATS
3570
Recall
1.0
Precision
0.7
F1-score
0.823529411765
False
[0, 0, 0.0, 0.047619047619047616, 0.047619047619047616, 0.09523809523809523, 0.09523809523809523, 0.14285714285714285, 0.19047619047619047, 0.23809523809523808, 0.2857142857142857, 0.3333333333333333, 0.3333333333333333, 0.38095238095238093, 0.42857142857142855, 0.47619047619047616, 0.5238095238095238, 0.5714285714285714, 0.6190476190476191, 0.6666666666666666, 0.7142857142857143, 0.7619047619047619, 0.7619047619047619, 0.7619047619047619, 0.8095238095238095, 0.8571428571428571, 0.9047619047619048, 0.9047619047619048, 0.9047619047619048, 0.9523809523809523, 1.0, 1.0]
[0, 0, 0.0, 0.5, 0.3333333333333333, 0.5, 0.4, 0.5, 0.5714285714285714, 0.625, 0.6666666666666666, 0.7, 0.6363636363636364, 0.6666666666666666, 0.6923076923076923, 0.7142857142857143, 0.7333333333333333, 0.75, 0.7647058823529411, 0.7777777777777778, 0.7894736842105263, 0.8, 0.7619047619047619, 0.7272727272727273, 0.7391304347826086, 0.75, 0.76, 0.7307692307692307, 0.7037037037037037, 0.7142857142857143, 0.7241379310344828, 0.7]
[(1, 48), (74, 76), (1, 73), (48, 73), (76, 80), (6, 81), (60, 84), (45, 80), (1, 57), (23, 53), (10, 68), (5, 71), (26, 68), (57, 73), (15, 63), (18, 54), (10, 26), (45, 76), (21, 55), (36, 64), (74, 80), (45, 74), (16, 29), (66, 84), (34, 79), (60, 66), (13, 53), (13, 23), (40, 46), (48, 57)]
159.313353053
NEW OPT FOUND
32
32
OPT PARAMS
0.001
0.00115
(0.00115, 0.001)
OPT reached
OPT PARAMS
0.001
0.00115
>>>>>>>>>>>>>>>>>>>>>METHOD: queue
Average Selection iterations
1691.75
SUFFICIENT STATS
3570
Recall
1.0
Precision
0.7
F1-score
0.823529411765
32
32
>>>>>>>>>>>>>>>>>>>>>METHOD: Graft
SUFFICIENT STATS
3570
Recall
1.0
Precision
0.7
F1-score
0.823529411765
[(34, 79), (10, 26), (48, 73), (40, 46), (74, 76), (18, 54), (57, 73), (26, 68), (45, 80), (48, 57), (45, 76), (60, 84), (66, 84), (10, 68), (1, 57), (15, 63), (23, 53), (1, 73), (1, 48), (16, 29), (13, 23), (21, 55), (36, 64), (76, 80), (45, 74), (60, 66), (6, 81), (74, 80), (13, 53), (5, 71)]
[0, 0, 0.047619047619047616, 0.09523809523809523, 0.14285714285714285, 0.19047619047619047, 0.23809523809523808, 0.2857142857142857, 0.3333333333333333, 0.38095238095238093, 0.42857142857142855, 0.42857142857142855, 0.47619047619047616, 0.5238095238095238, 0.5714285714285714, 0.5714285714285714, 0.6190476190476191, 0.6666666666666666, 0.7142857142857143, 0.7142857142857143, 0.7142857142857143, 0.7619047619047619, 0.8095238095238095, 0.8571428571428571, 0.9047619047619048, 0.9047619047619048, 0.9047619047619048, 0.9047619047619048, 0.9523809523809523, 0.9523809523809523, 0.9523809523809523, 1.0]
32
32
structured
queue
graft
======================================Simulating data...
> Creating model
> Generating data
