================================= ///////////////////START//////////////// =========================================
======================================Simulating data...
> Creating model
> Generating data
[0, 1, 2, 3, 4]
{0: 10, 1: 10, 2: 10, 3: 10, 4: 10}
10
NUM VARIABLES
5
NUM EDGES
1
EDGES
[(0, 4)]
>>>>>>>>>>>>>>>>>>>>>METHOD: structured
======PARAMS
1e-05
1.15e-05
/home/walidch/mrf_project/MRFToolBox/mrftools/mrftools/Learner.py:118: FutureWarning: comparison to `None` will result in an elementwise object comparison in the future.
  if (self.tau_q == None or not self.fully_observed) and not (self.graft):
/home/walidch/mrf_project/MRFToolBox/mrftools/mrftools/Learner.py:132: FutureWarning: comparison to `None` will result in an elementwise object comparison in the future.
  if (self.tau_q == None or not self.fully_observed) and not (self.graft):
50
150
250
350
450
550
650
750
850
950
Average Selection iterations
0.818181818182
SUFFICIENT STATS
10
Recall
1.0
Precision
0.111111111111
F1-score
0.2
False
[0, 0, 0.0, 0.0, 1.0, 1.0, 1.0, 1.0, 1.0, 1.0, 1.0]
[0, 0, 0.0, 0.0, 0.3333333333333333, 0.25, 0.2, 0.16666666666666666, 0.14285714285714285, 0.125, 0.1111111111111111]
[(0, 1), (1, 4), (0, 4), (2, 4), (0, 2), (2, 3), (3, 4), (0, 3), (1, 2)]
13.4132285773
NEW OPT FOUND
11
11
OPT PARAMS
1e-05
1.15e-05
(1.15e-05, 1e-05)
======PARAMS
2.5e-05
2.875e-05
50
150
250
350
450
550
650
750
850
950
Average Selection iterations
0.818181818182
SUFFICIENT STATS
10
Recall
1.0
Precision
0.111111111111
F1-score
0.2
False
[0, 0, 0.0, 0.0, 1.0, 1.0, 1.0, 1.0, 1.0, 1.0, 1.0]
[0, 0, 0.0, 0.0, 0.3333333333333333, 0.25, 0.2, 0.16666666666666666, 0.14285714285714285, 0.125, 0.1111111111111111]
[(0, 1), (1, 4), (0, 4), (2, 4), (0, 2), (2, 3), (3, 4), (0, 3), (1, 2)]
13.3273422554
======PARAMS
5e-05
5.75e-05
50
150
250
350
450
550
650
750
850
950
Average Selection iterations
0.818181818182
SUFFICIENT STATS
10
Recall
1.0
Precision
0.111111111111
F1-score
0.2
False
[0, 0, 0.0, 0.0, 1.0, 1.0, 1.0, 1.0, 1.0, 1.0, 1.0]
[0, 0, 0.0, 0.0, 0.3333333333333333, 0.25, 0.2, 0.16666666666666666, 0.14285714285714285, 0.125, 0.1111111111111111]
[(0, 1), (1, 4), (0, 4), (2, 4), (0, 2), (2, 3), (3, 4), (0, 3), (1, 2)]
13.2578499386
======PARAMS
7.5e-05
8.625e-05
50
150
250
350
450
550
650
750
850
950
Average Selection iterations
0.818181818182
SUFFICIENT STATS
10
Recall
1.0
Precision
0.111111111111
F1-score
0.2
False
[0, 0, 0.0, 0.0, 1.0, 1.0, 1.0, 1.0, 1.0, 1.0, 1.0]
[0, 0, 0.0, 0.0, 0.3333333333333333, 0.25, 0.2, 0.16666666666666666, 0.14285714285714285, 0.125, 0.1111111111111111]
[(0, 1), (1, 4), (0, 4), (2, 4), (0, 2), (2, 3), (3, 4), (0, 3), (1, 2)]
13.2115491965
======PARAMS
0.0001
0.000115
50
150
250
350
450
550
650
750
850
950
Average Selection iterations
0.818181818182
SUFFICIENT STATS
10
Recall
1.0
Precision
0.111111111111
F1-score
0.2
False
[0, 0, 0.0, 0.0, 1.0, 1.0, 1.0, 1.0, 1.0, 1.0, 1.0]
[0, 0, 0.0, 0.0, 0.3333333333333333, 0.25, 0.2, 0.16666666666666666, 0.14285714285714285, 0.125, 0.1111111111111111]
[(0, 1), (1, 4), (0, 4), (2, 4), (0, 2), (2, 3), (3, 4), (0, 3), (1, 2)]
13.1739406828
======PARAMS
0.00025
0.0002875
50
150
250
350
450
550
650
750
850
950
Average Selection iterations
0.818181818182
SUFFICIENT STATS
10
Recall
1.0
Precision
0.111111111111
F1-score
0.2
False
[0, 0, 0.0, 0.0, 1.0, 1.0, 1.0, 1.0, 1.0, 1.0, 1.0]
[0, 0, 0.0, 0.0, 0.3333333333333333, 0.25, 0.2, 0.16666666666666666, 0.14285714285714285, 0.125, 0.1111111111111111]
[(0, 1), (1, 4), (0, 4), (2, 4), (0, 2), (2, 3), (3, 4), (0, 3), (1, 2)]
13.0154270073
======PARAMS
0.0005
0.000575
50
150
250
350
450
550
650
750
850
950
Average Selection iterations
0.818181818182
SUFFICIENT STATS
10
Recall
1.0
Precision
0.111111111111
F1-score
0.2
False
[0, 0, 0.0, 0.0, 1.0, 1.0, 1.0, 1.0, 1.0, 1.0, 1.0]
[0, 0, 0.0, 0.0, 0.3333333333333333, 0.25, 0.2, 0.16666666666666666, 0.14285714285714285, 0.125, 0.1111111111111111]
[(0, 1), (1, 4), (0, 4), (2, 4), (0, 2), (2, 3), (3, 4), (0, 3), (1, 2)]
12.8329678311
======PARAMS
0.00075
0.0008625
50
150
250
350
450
550
650
750
850
950
Average Selection iterations
0.818181818182
SUFFICIENT STATS
10
Recall
1.0
Precision
0.111111111111
F1-score
0.2
False
[0, 0, 0.0, 0.0, 1.0, 1.0, 1.0, 1.0, 1.0, 1.0, 1.0]
[0, 0, 0.0, 0.0, 0.3333333333333333, 0.25, 0.2, 0.16666666666666666, 0.14285714285714285, 0.125, 0.1111111111111111]
[(0, 1), (1, 4), (0, 4), (2, 4), (0, 2), (2, 3), (3, 4), (0, 3), (1, 2)]
12.6978855371
======PARAMS
0.001
0.00115
50
150
250
350
450
550
650
750
850
950
Average Selection iterations
0.818181818182
SUFFICIENT STATS
10
Recall
1.0
Precision
0.111111111111
F1-score
0.2
False
[0, 0, 0.0, 0.0, 1.0, 1.0, 1.0, 1.0, 1.0, 1.0, 1.0]
[0, 0, 0.0, 0.0, 0.3333333333333333, 0.25, 0.2, 0.16666666666666666, 0.14285714285714285, 0.125, 0.1111111111111111]
[(0, 1), (1, 4), (0, 4), (2, 4), (0, 2), (2, 3), (3, 4), (0, 3), (1, 2)]
12.5936222746
======PARAMS
0.0025
0.002875
50
150
250
Average Selection iterations
2.25
SUFFICIENT STATS
10
Recall
1.0
Precision
0.5
F1-score
0.666666666667
False
[0, 0, 1.0, 1.0]
[0, 0, 1.0, 0.5]
[(0, 4), (0, 2)]
9.67745992941
NEW OPT FOUND
4
4
OPT PARAMS
0.0025
0.002875
(0.002875, 0.0025)
======PARAMS
0.005
0.00575
50
150
Average Selection iterations
1.0
SUFFICIENT STATS
10
Recall
1.0
Precision
1.0
F1-score
1.0
False
[0, 0, 1.0]
[0, 0, 1.0]
[(0, 4)]
9.41707354047
NEW OPT FOUND
3
3
OPT PARAMS
0.005
0.00575
(0.00575, 0.005)
OPT reached
OPT PARAMS
0.005
0.00575
>>>>>>>>>>>>>>>>>>>>>METHOD: queue
50
150
Average Selection iterations
1.0
SUFFICIENT STATS
10
Recall
1.0
Precision
1.0
F1-score
1.0
3
3
>>>>>>>>>>>>>>>>>>>>>METHOD: Graft
50
150
SUFFICIENT STATS
10
Recall
1.0
Precision
1.0
F1-score
1.0
[(0, 4)]
[0, 0, 1.0]
3
3
structured
queue
graft
======================================Simulating data...
> Creating model
> Generating data
[0, 1, 2, 3, 4, 5, 6, 7, 8, 9, 10, 11, 12, 13, 14]
{0: 10, 1: 10, 2: 10, 3: 10, 4: 10, 5: 10, 6: 10, 7: 10, 8: 10, 9: 10, 10: 10, 11: 10, 12: 10, 13: 10, 14: 10}
10
NUM VARIABLES
15
NUM EDGES
3
EDGES
[(0, 13), (1, 4), (11, 13)]
>>>>>>>>>>>>>>>>>>>>>METHOD: structured
======PARAMS
1e-05
1.15e-05
150
250
350
450
550
650
750
850
950
1050
1150
True
[0, 0, 0.0, 0.0, 0.0, 0.3333333333333333, 0.3333333333333333, 0.3333333333333333, 0.3333333333333333, 0.3333333333333333, 0.3333333333333333, 0.3333333333333333]
[0, 0, 0.0, 0.0, 0.0, 0.25, 0.2, 0.16666666666666666, 0.14285714285714285, 0.125, 0.1111111111111111, 0.1]
[(3, 13), (5, 14), (10, 13), (0, 13), (6, 14), (7, 12), (1, 10), (0, 9), (7, 11), (7, 8), (0, 12)]
33.6267185643
======PARAMS
2.5e-05
2.875e-05
150
250
350
450
550
650
750
850
950
1050
1150
True
[0, 0, 0.0, 0.0, 0.0, 0.3333333333333333, 0.3333333333333333, 0.3333333333333333, 0.3333333333333333, 0.3333333333333333, 0.3333333333333333, 0.3333333333333333]
[0, 0, 0.0, 0.0, 0.0, 0.25, 0.2, 0.16666666666666666, 0.14285714285714285, 0.125, 0.1111111111111111, 0.1]
[(3, 13), (5, 14), (10, 13), (0, 13), (6, 14), (7, 12), (1, 10), (0, 9), (7, 11), (7, 8), (0, 12)]
33.6098137905
======PARAMS
5e-05
5.75e-05
150
250
350
450
550
650
750
850
950
1050
1150
True
[0, 0, 0.0, 0.0, 0.0, 0.3333333333333333, 0.3333333333333333, 0.3333333333333333, 0.3333333333333333, 0.3333333333333333, 0.3333333333333333, 0.3333333333333333]
[0, 0, 0.0, 0.0, 0.0, 0.25, 0.2, 0.16666666666666666, 0.14285714285714285, 0.125, 0.1111111111111111, 0.1]
[(3, 13), (5, 14), (10, 13), (0, 13), (6, 14), (7, 12), (1, 10), (0, 9), (7, 11), (7, 8), (0, 12)]
33.5892184019
======PARAMS
7.5e-05
8.625e-05
150
250
350
450
550
650
750
850
950
1050
1150
True
[0, 0, 0.0, 0.0, 0.0, 0.3333333333333333, 0.3333333333333333, 0.3333333333333333, 0.3333333333333333, 0.3333333333333333, 0.3333333333333333, 0.3333333333333333]
[0, 0, 0.0, 0.0, 0.0, 0.25, 0.2, 0.16666666666666666, 0.14285714285714285, 0.125, 0.1111111111111111, 0.1]
[(3, 13), (5, 14), (10, 13), (0, 13), (6, 14), (7, 12), (1, 10), (0, 9), (7, 11), (7, 8), (0, 12)]
33.5714510255
======PARAMS
0.0001
0.000115
150
250
350
450
550
650
750
850
950
1050
1150
True
[0, 0, 0.0, 0.0, 0.0, 0.3333333333333333, 0.3333333333333333, 0.3333333333333333, 0.3333333333333333, 0.3333333333333333, 0.3333333333333333, 0.3333333333333333]
[0, 0, 0.0, 0.0, 0.0, 0.25, 0.2, 0.16666666666666666, 0.14285714285714285, 0.125, 0.1111111111111111, 0.1]
[(3, 13), (5, 14), (10, 13), (0, 13), (6, 14), (7, 12), (1, 10), (0, 9), (7, 11), (7, 8), (0, 12)]
33.555084439
======PARAMS
0.00025
0.0002875
150
250
350
450
550
650
750
850
950
1050
1150
True
[0, 0, 0.0, 0.0, 0.0, 0.3333333333333333, 0.3333333333333333, 0.3333333333333333, 0.3333333333333333, 0.3333333333333333, 0.3333333333333333, 0.3333333333333333]
[0, 0, 0.0, 0.0, 0.0, 0.25, 0.2, 0.16666666666666666, 0.14285714285714285, 0.125, 0.1111111111111111, 0.1]
[(3, 13), (5, 14), (10, 13), (0, 13), (6, 14), (7, 12), (1, 10), (0, 9), (7, 11), (7, 8), (0, 12)]
33.4795677066
======PARAMS
0.0005
0.000575
150
250
350
450
550
650
750
850
950
1050
1150
True
[0, 0, 0.0, 0.0, 0.0, 0.3333333333333333, 0.3333333333333333, 0.3333333333333333, 0.3333333333333333, 0.3333333333333333, 0.3333333333333333, 0.3333333333333333]
[0, 0, 0.0, 0.0, 0.0, 0.25, 0.2, 0.16666666666666666, 0.14285714285714285, 0.125, 0.1111111111111111, 0.1]
[(3, 13), (5, 14), (10, 13), (0, 13), (6, 14), (7, 12), (1, 10), (0, 9), (7, 11), (7, 8), (0, 12)]
33.4036972403
======PARAMS
0.00075
0.0008625
150
250
350
450
550
650
750
850
950
1050
1150
True
[0, 0, 0.0, 0.0, 0.0, 0.3333333333333333, 0.3333333333333333, 0.3333333333333333, 0.3333333333333333, 0.3333333333333333, 0.3333333333333333, 0.3333333333333333]
[0, 0, 0.0, 0.0, 0.0, 0.25, 0.2, 0.16666666666666666, 0.14285714285714285, 0.125, 0.1111111111111111, 0.1]
[(3, 13), (5, 14), (10, 13), (0, 13), (6, 14), (7, 12), (1, 10), (0, 9), (7, 11), (7, 8), (0, 12)]
33.3631028902
======PARAMS
0.001
0.00115
150
250
350
450
550
650
750
850
950
1050
1150
True
[0, 0, 0.0, 0.0, 0.0, 0.3333333333333333, 0.3333333333333333, 0.3333333333333333, 0.3333333333333333, 0.3333333333333333, 0.3333333333333333, 0.3333333333333333]
[0, 0, 0.0, 0.0, 0.0, 0.25, 0.2, 0.16666666666666666, 0.14285714285714285, 0.125, 0.1111111111111111, 0.1]
[(3, 13), (5, 14), (10, 13), (0, 13), (6, 14), (7, 12), (1, 10), (0, 9), (7, 11), (7, 8), (0, 12)]
33.3476361358
======PARAMS
0.0025
0.002875
150
250
350
450
550
Average Selection iterations
15.0
SUFFICIENT STATS
105
Recall
1.0
Precision
0.75
F1-score
0.857142857143
False
[0, 0, 0.3333333333333333, 0.6666666666666666, 0.6666666666666666, 1.0]
[0, 0, 1.0, 1.0, 0.6666666666666666, 0.75]
[(0, 13), (11, 13), (0, 11), (1, 4)]
30.3813790707
NEW OPT FOUND
6
6
OPT PARAMS
0.0025
0.002875
(0.002875, 0.0025)
OPT reached
OPT PARAMS
0.0025
0.002875
>>>>>>>>>>>>>>>>>>>>>METHOD: queue
150
250
350
450
550
Average Selection iterations
33.0
SUFFICIENT STATS
105
Recall
1.0
Precision
0.75
F1-score
0.857142857143
6
6
>>>>>>>>>>>>>>>>>>>>>METHOD: Graft
150
250
350
450
550
SUFFICIENT STATS
105
Recall
1.0
Precision
0.75
F1-score
0.857142857143
[(11, 13), (0, 13), (1, 4), (0, 11)]
[0, 0, 0.3333333333333333, 0.6666666666666666, 1.0, 1.0]
6
6
structured
queue
graft
======================================Simulating data...
> Creating model
> Generating data
[0, 1, 2, 3, 4, 5, 6, 7, 8, 9, 10, 11, 12, 13, 14, 15, 16, 17, 18, 19, 20, 21, 22, 23, 24]
{0: 10, 1: 10, 2: 10, 3: 10, 4: 10, 5: 10, 6: 10, 7: 10, 8: 10, 9: 10, 10: 10, 11: 10, 12: 10, 13: 10, 14: 10, 15: 10, 16: 10, 17: 10, 18: 10, 19: 10, 20: 10, 21: 10, 22: 10, 23: 10, 24: 10}
10
NUM VARIABLES
25
NUM EDGES
6
EDGES
[(2, 10), (3, 21), (11, 13), (11, 19), (13, 19), (21, 24)]
>>>>>>>>>>>>>>>>>>>>>METHOD: structured
======PARAMS
1e-05
1.15e-05
250
350
450
550
650
750
850
950
1050
1150
1250
True
[0, 0, 0.0, 0.0, 0.0, 0.0, 0.0, 0.0, 0.0, 0.0, 0.0, 0.0]
[0, 0, 0.0, 0.0, 0.0, 0.0, 0.0, 0.0, 0.0, 0.0, 0.0, 0.0]
[(4, 15), (9, 20), (16, 17), (3, 20), (1, 17), (7, 9), (3, 18), (4, 19), (22, 23), (17, 18), (2, 21)]
54.9749873554
======PARAMS
2.5e-05
2.875e-05
250
350
450
550
650
750
850
950
1050
1150
1250
True
[0, 0, 0.0, 0.0, 0.0, 0.0, 0.0, 0.0, 0.0, 0.0, 0.0, 0.0]
[0, 0, 0.0, 0.0, 0.0, 0.0, 0.0, 0.0, 0.0, 0.0, 0.0, 0.0]
[(4, 15), (9, 20), (16, 17), (3, 20), (1, 17), (7, 9), (3, 18), (4, 19), (22, 23), (17, 18), (2, 21)]
54.9654931559
======PARAMS
5e-05
5.75e-05
250
350
450
550
650
750
850
950
1050
1150
1250
True
[0, 0, 0.0, 0.0, 0.0, 0.0, 0.0, 0.0, 0.0, 0.0, 0.0, 0.0]
[0, 0, 0.0, 0.0, 0.0, 0.0, 0.0, 0.0, 0.0, 0.0, 0.0, 0.0]
[(4, 15), (9, 20), (16, 17), (3, 20), (1, 17), (7, 9), (3, 18), (4, 19), (22, 23), (17, 18), (2, 21)]
54.9500093787
======PARAMS
7.5e-05
8.625e-05
250
350
450
550
650
750
850
950
1050
1150
1250
True
[0, 0, 0.0, 0.0, 0.0, 0.0, 0.0, 0.0, 0.0, 0.0, 0.0, 0.0]
[0, 0, 0.0, 0.0, 0.0, 0.0, 0.0, 0.0, 0.0, 0.0, 0.0, 0.0]
[(4, 15), (9, 20), (16, 17), (3, 20), (1, 17), (7, 9), (3, 18), (4, 19), (22, 23), (17, 18), (2, 21)]
54.9355687114
======PARAMS
0.0001
0.000115
250
350
450
550
650
750
850
950
1050
1150
1250
True
[0, 0, 0.0, 0.0, 0.0, 0.0, 0.0, 0.0, 0.0, 0.0, 0.0, 0.0]
[0, 0, 0.0, 0.0, 0.0, 0.0, 0.0, 0.0, 0.0, 0.0, 0.0, 0.0]
[(4, 15), (9, 20), (16, 17), (3, 20), (1, 17), (7, 9), (3, 18), (4, 19), (22, 23), (17, 18), (2, 21)]
54.9220226202
======PARAMS
0.00025
0.0002875
250
350
450
550
650
750
850
950
1050
1150
1250
True
[0, 0, 0.0, 0.0, 0.0, 0.0, 0.0, 0.0, 0.0, 0.0, 0.0, 0.0]
[0, 0, 0.0, 0.0, 0.0, 0.0, 0.0, 0.0, 0.0, 0.0, 0.0, 0.0]
[(4, 15), (9, 20), (16, 17), (3, 20), (1, 17), (7, 9), (3, 18), (4, 19), (22, 23), (17, 18), (2, 21)]
54.8499138907
======PARAMS
0.0005
0.000575
250
350
450
550
650
750
850
950
1050
1150
1250
True
[0, 0, 0.0, 0.0, 0.0, 0.0, 0.0, 0.0, 0.0, 0.0, 0.0, 0.0]
[0, 0, 0.0, 0.0, 0.0, 0.0, 0.0, 0.0, 0.0, 0.0, 0.0, 0.0]
[(4, 15), (9, 20), (16, 17), (3, 20), (1, 17), (7, 9), (3, 18), (4, 19), (22, 23), (17, 18), (2, 21)]
54.7624232746
======PARAMS
0.00075
0.0008625
250
350
450
550
650
750
850
950
1050
1150
1250
True
[0, 0, 0.0, 0.0, 0.0, 0.0, 0.0, 0.0, 0.0, 0.0, 0.0, 0.0]
[0, 0, 0.0, 0.0, 0.0, 0.0, 0.0, 0.0, 0.0, 0.0, 0.0, 0.0]
[(4, 15), (9, 20), (16, 17), (3, 20), (1, 17), (7, 9), (3, 18), (4, 19), (22, 23), (17, 18), (2, 21)]
54.7081989875
======PARAMS
0.001
0.00115
250
350
450
550
650
750
850
950
1050
1150
1250
True
[0, 0, 0.0, 0.0, 0.0, 0.0, 0.0, 0.0, 0.0, 0.0, 0.0, 0.0]
[0, 0, 0.0, 0.0, 0.0, 0.0, 0.0, 0.0, 0.0, 0.0, 0.0, 0.0]
[(4, 15), (9, 20), (16, 17), (7, 9), (4, 19), (1, 8), (9, 17), (6, 15), (13, 21), (7, 15), (3, 19)]
53.5538835746
======PARAMS
0.0025
0.002875
250
350
450
550
650
750
850
950
Average Selection iterations
25.4444444444
SUFFICIENT STATS
300
Recall
1.0
Precision
0.857142857143
F1-score
0.923076923077
False
[0, 0, 0.16666666666666666, 0.3333333333333333, 0.5, 0.6666666666666666, 0.6666666666666666, 0.8333333333333334, 1.0]
[0, 0, 1.0, 1.0, 1.0, 1.0, 0.8, 0.8333333333333334, 0.8571428571428571]
[(11, 19), (2, 10), (11, 13), (13, 19), (3, 24), (3, 21), (21, 24)]
48.9451930475
NEW OPT FOUND
9
9
OPT PARAMS
0.0025
0.002875
(0.002875, 0.0025)
OPT reached
OPT PARAMS
0.0025
0.002875
>>>>>>>>>>>>>>>>>>>>>METHOD: queue
250
350
450
550
650
750
850
950
Average Selection iterations
122.333333333
SUFFICIENT STATS
300
Recall
1.0
Precision
0.857142857143
F1-score
0.923076923077
9
9
>>>>>>>>>>>>>>>>>>>>>METHOD: Graft
250
350
450
550
650
750
850
950
SUFFICIENT STATS
300
Recall
1.0
Precision
0.857142857143
F1-score
0.923076923077
[(11, 13), (21, 24), (3, 21), (13, 19), (11, 19), (3, 24), (2, 10)]
[0, 0, 0.16666666666666666, 0.3333333333333333, 0.5, 0.6666666666666666, 0.8333333333333334, 0.8333333333333334, 1.0]
9
9
structured
queue
graft
======================================Simulating data...
> Creating model
> Generating data
[0, 1, 2, 3, 4, 5, 6, 7, 8, 9, 10, 11, 12, 13, 14, 15, 16, 17, 18, 19, 20, 21, 22, 23, 24, 25, 26, 27, 28, 29, 30, 31, 32, 33, 34]
{0: 10, 1: 10, 2: 10, 3: 10, 4: 10, 5: 10, 6: 10, 7: 10, 8: 10, 9: 10, 10: 10, 11: 10, 12: 10, 13: 10, 14: 10, 15: 10, 16: 10, 17: 10, 18: 10, 19: 10, 20: 10, 21: 10, 22: 10, 23: 10, 24: 10, 25: 10, 26: 10, 27: 10, 28: 10, 29: 10, 30: 10, 31: 10, 32: 10, 33: 10, 34: 10}
10
NUM VARIABLES
35
NUM EDGES
8
EDGES
[(1, 20), (2, 30), (5, 30), (7, 22), (8, 29), (15, 20), (16, 31), (24, 28)]
>>>>>>>>>>>>>>>>>>>>>METHOD: structured
======PARAMS
1e-05
1.15e-05
350
450
550
650
750
850
950
1050
1150
1250
1350
True
[0, 0, 0.0, 0.0, 0.0, 0.0, 0.0, 0.0, 0.0, 0.0, 0.0, 0.0]
[0, 0, 0.0, 0.0, 0.0, 0.0, 0.0, 0.0, 0.0, 0.0, 0.0, 0.0]
[(8, 33), (9, 29), (23, 30), (3, 21), (6, 18), (17, 27), (4, 14), (8, 26), (1, 14), (31, 34), (0, 31)]
73.0483748722
======PARAMS
2.5e-05
2.875e-05
350
450
550
650
750
850
950
1050
1150
1250
1350
True
[0, 0, 0.0, 0.0, 0.0, 0.0, 0.0, 0.0, 0.0, 0.0, 0.0, 0.0]
[0, 0, 0.0, 0.0, 0.0, 0.0, 0.0, 0.0, 0.0, 0.0, 0.0, 0.0]
[(8, 33), (9, 29), (23, 30), (3, 21), (6, 18), (17, 27), (4, 14), (8, 26), (1, 14), (31, 34), (0, 31)]
73.0366555132
======PARAMS
5e-05
5.75e-05
350
450
550
650
750
850
950
1050
1150
1250
1350
True
[0, 0, 0.0, 0.0, 0.0, 0.0, 0.0, 0.0, 0.0, 0.0, 0.0, 0.0]
[0, 0, 0.0, 0.0, 0.0, 0.0, 0.0, 0.0, 0.0, 0.0, 0.0, 0.0]
[(8, 33), (9, 29), (23, 30), (3, 21), (6, 18), (17, 27), (4, 14), (8, 26), (1, 14), (31, 34), (0, 31)]
73.0213174156
======PARAMS
7.5e-05
8.625e-05
350
450
550
650
750
850
950
1050
1150
1250
1350
True
[0, 0, 0.0, 0.0, 0.0, 0.0, 0.0, 0.0, 0.0, 0.0, 0.0, 0.0]
[0, 0, 0.0, 0.0, 0.0, 0.0, 0.0, 0.0, 0.0, 0.0, 0.0, 0.0]
[(8, 33), (9, 29), (23, 30), (3, 21), (6, 18), (17, 27), (4, 14), (8, 26), (1, 14), (31, 34), (0, 31)]
73.0085501589
======PARAMS
0.0001
0.000115
350
450
550
650
750
850
950
1050
1150
1250
1350
True
[0, 0, 0.0, 0.0, 0.0, 0.0, 0.0, 0.0, 0.0, 0.0, 0.0, 0.0]
[0, 0, 0.0, 0.0, 0.0, 0.0, 0.0, 0.0, 0.0, 0.0, 0.0, 0.0]
[(8, 33), (9, 29), (23, 30), (3, 21), (6, 18), (17, 27), (4, 14), (8, 26), (1, 14), (31, 34), (0, 31)]
72.9960760159
======PARAMS
0.00025
0.0002875
350
450
550
650
750
850
950
1050
1150
1250
1350
True
[0, 0, 0.0, 0.0, 0.0, 0.0, 0.0, 0.0, 0.0, 0.0, 0.0, 0.0]
[0, 0, 0.0, 0.0, 0.0, 0.0, 0.0, 0.0, 0.0, 0.0, 0.0, 0.0]
[(8, 33), (9, 29), (23, 30), (3, 21), (6, 18), (17, 27), (4, 14), (8, 26), (1, 14), (31, 34), (0, 31)]
72.9366424888
======PARAMS
0.0005
0.000575
350
450
550
650
750
850
950
1050
1150
1250
1350
True
[0, 0, 0.0, 0.0, 0.0, 0.0, 0.0, 0.0, 0.0, 0.0, 0.0, 0.0]
[0, 0, 0.0, 0.0, 0.0, 0.0, 0.0, 0.0, 0.0, 0.0, 0.0, 0.0]
[(8, 33), (9, 29), (23, 30), (3, 21), (6, 18), (17, 27), (4, 14), (8, 26), (1, 14), (31, 34), (0, 31)]
72.8689954717
======PARAMS
0.00075
0.0008625
350
450
550
650
750
850
950
1050
1150
1250
1350
True
[0, 0, 0.0, 0.0, 0.0, 0.0, 0.0, 0.0, 0.0, 0.0, 0.0, 0.0]
[0, 0, 0.0, 0.0, 0.0, 0.0, 0.0, 0.0, 0.0, 0.0, 0.0, 0.0]
[(8, 33), (9, 29), (3, 21), (6, 18), (17, 27), (4, 14), (8, 26), (0, 31), (13, 14), (12, 34), (1, 25)]
71.7400969494
======PARAMS
0.001
0.00115
350
450
550
650
750
850
950
1050
1150
1250
1350
1450
1550
1650
1750
1850
1950
Average Selection iterations
21.2222222222
SUFFICIENT STATS
595
Recall
1.0
Precision
0.5
F1-score
0.666666666667
False
[0, 0, 0.0, 0.0, 0.125, 0.25, 0.25, 0.375, 0.375, 0.375, 0.375, 0.375, 0.5, 0.625, 0.625, 0.75, 0.875, 1.0]
[0, 0, 0.0, 0.0, 0.3333333333333333, 0.5, 0.4, 0.5, 0.42857142857142855, 0.375, 0.3333333333333333, 0.3, 0.36363636363636365, 0.4166666666666667, 0.38461538461538464, 0.42857142857142855, 0.4666666666666667, 0.5]
[(1, 15), (5, 22), (7, 22), (8, 29), (2, 5), (16, 31), (7, 30), (5, 7), (23, 32), (3, 31), (1, 20), (24, 28), (22, 30), (2, 30), (5, 30), (15, 20)]
68.8105245119
NEW OPT FOUND
18
18
OPT PARAMS
0.001
0.00115
(0.00115, 0.001)
======PARAMS
0.0025
0.002875
350
450
550
650
750
850
950
1050
1150
1250
1350
Average Selection iterations
33.5
SUFFICIENT STATS
595
Recall
1.0
Precision
0.8
F1-score
0.888888888889
False
[0, 0, 0.0, 0.125, 0.25, 0.25, 0.375, 0.5, 0.625, 0.75, 0.875, 1.0]
[0, 0, 0.0, 0.5, 0.6666666666666666, 0.5, 0.6, 0.6666666666666666, 0.7142857142857143, 0.75, 0.7777777777777778, 0.8]
[(1, 15), (7, 22), (8, 29), (2, 5), (16, 31), (1, 20), (24, 28), (2, 30), (5, 30), (15, 20)]
65.1236901829
NEW OPT FOUND
12
12
OPT PARAMS
0.0025
0.002875
(0.002875, 0.0025)
OPT reached
OPT PARAMS
0.0025
0.002875
>>>>>>>>>>>>>>>>>>>>>METHOD: queue
350
450
550
650
750
850
950
1050
1150
1250
1350
Average Selection iterations
156.5
SUFFICIENT STATS
595
Recall
1.0
Precision
0.8
F1-score
0.888888888889
12
12
>>>>>>>>>>>>>>>>>>>>>METHOD: Graft
350
450
550
650
750
850
950
1050
1150
1250
1350
SUFFICIENT STATS
595
Recall
1.0
Precision
0.8
F1-score
0.888888888889
[(5, 30), (15, 20), (2, 30), (2, 5), (16, 31), (7, 22), (8, 29), (24, 28), (1, 20), (1, 15)]
[0, 0, 0.125, 0.25, 0.375, 0.375, 0.5, 0.625, 0.75, 0.875, 1.0, 1.0]
12
12
structured
queue
graft
======================================Simulating data...
> Creating model
> Generating data
[0, 1, 2, 3, 4, 5, 6, 7, 8, 9, 10, 11, 12, 13, 14, 15, 16, 17, 18, 19, 20, 21, 22, 23, 24, 25, 26, 27, 28, 29, 30, 31, 32, 33, 34, 35, 36, 37, 38, 39, 40, 41, 42, 43, 44]
{0: 10, 1: 10, 2: 10, 3: 10, 4: 10, 5: 10, 6: 10, 7: 10, 8: 10, 9: 10, 10: 10, 11: 10, 12: 10, 13: 10, 14: 10, 15: 10, 16: 10, 17: 10, 18: 10, 19: 10, 20: 10, 21: 10, 22: 10, 23: 10, 24: 10, 25: 10, 26: 10, 27: 10, 28: 10, 29: 10, 30: 10, 31: 10, 32: 10, 33: 10, 34: 10, 35: 10, 36: 10, 37: 10, 38: 10, 39: 10, 40: 10, 41: 10, 42: 10, 43: 10, 44: 10}
10
NUM VARIABLES
45
NUM EDGES
11
EDGES
[(0, 16), (1, 7), (1, 41), (5, 21), (9, 26), (12, 17), (13, 24), (14, 18), (15, 44), (19, 32), (23, 37)]
>>>>>>>>>>>>>>>>>>>>>METHOD: structured
======PARAMS
1e-05
1.15e-05
450
550
650
750
850
950
1050
1150
1250
1350
1450
True
[0, 0, 0.0, 0.0, 0.0, 0.0, 0.0, 0.0, 0.0, 0.0, 0.0, 0.0]
[0, 0, 0.0, 0.0, 0.0, 0.0, 0.0, 0.0, 0.0, 0.0, 0.0, 0.0]
[(4, 43), (12, 42), (25, 37), (13, 22), (6, 38), (10, 39), (5, 15), (22, 23), (0, 13), (14, 40), (5, 18)]
93.5059124402
======PARAMS
2.5e-05
2.875e-05
450
550
650
750
850
950
1050
1150
1250
1350
1450
True
[0, 0, 0.0, 0.0, 0.0, 0.0, 0.0, 0.0, 0.0, 0.0, 0.0, 0.0]
[0, 0, 0.0, 0.0, 0.0, 0.0, 0.0, 0.0, 0.0, 0.0, 0.0, 0.0]
[(4, 43), (12, 42), (25, 37), (13, 22), (6, 38), (10, 39), (5, 15), (22, 23), (0, 13), (14, 40), (5, 18)]
93.494726948
======PARAMS
5e-05
5.75e-05
450
550
650
750
850
950
1050
1150
1250
1350
1450
True
[0, 0, 0.0, 0.0, 0.0, 0.0, 0.0, 0.0, 0.0, 0.0, 0.0, 0.0]
[0, 0, 0.0, 0.0, 0.0, 0.0, 0.0, 0.0, 0.0, 0.0, 0.0, 0.0]
[(4, 43), (12, 42), (25, 37), (13, 22), (6, 38), (10, 39), (5, 15), (22, 23), (0, 13), (14, 40), (5, 18)]
93.4790398216
======PARAMS
7.5e-05
8.625e-05
450
550
650
750
850
950
1050
1150
1250
1350
1450
True
[0, 0, 0.0, 0.0, 0.0, 0.0, 0.0, 0.0, 0.0, 0.0, 0.0, 0.0]
[0, 0, 0.0, 0.0, 0.0, 0.0, 0.0, 0.0, 0.0, 0.0, 0.0, 0.0]
[(4, 43), (12, 42), (25, 37), (13, 22), (6, 38), (10, 39), (5, 15), (22, 23), (0, 13), (14, 40), (5, 18)]
93.4656983291
======PARAMS
0.0001
0.000115
450
550
650
750
850
950
1050
1150
1250
1350
1450
True
[0, 0, 0.0, 0.0, 0.0, 0.0, 0.0, 0.0, 0.0, 0.0, 0.0, 0.0]
[0, 0, 0.0, 0.0, 0.0, 0.0, 0.0, 0.0, 0.0, 0.0, 0.0, 0.0]
[(4, 43), (12, 42), (25, 37), (13, 22), (6, 38), (10, 39), (5, 15), (22, 23), (0, 13), (14, 40), (5, 18)]
93.4538245877
======PARAMS
0.00025
0.0002875
450
550
650
750
850
950
1050
1150
1250
1350
1450
True
[0, 0, 0.0, 0.0, 0.0, 0.0, 0.0, 0.0, 0.0, 0.0, 0.0, 0.0]
[0, 0, 0.0, 0.0, 0.0, 0.0, 0.0, 0.0, 0.0, 0.0, 0.0, 0.0]
[(4, 43), (12, 42), (25, 37), (13, 22), (6, 38), (10, 39), (5, 15), (22, 23), (0, 13), (14, 40), (5, 18)]
93.4008110278
======PARAMS
0.0005
0.000575
450
550
650
750
850
950
1050
1150
1250
1350
1450
True
[0, 0, 0.0, 0.0, 0.0, 0.0, 0.0, 0.0, 0.0, 0.0, 0.0, 0.0]
[0, 0, 0.0, 0.0, 0.0, 0.0, 0.0, 0.0, 0.0, 0.0, 0.0, 0.0]
[(4, 43), (12, 42), (25, 37), (13, 22), (6, 38), (10, 39), (5, 15), (22, 23), (0, 13), (14, 40), (17, 27)]
93.3437589935
======PARAMS
0.00075
0.0008625
450
550
650
750
850
950
1050
1150
1250
1350
1450
True
[0, 0, 0.0, 0.0, 0.0, 0.0, 0.09090909090909091, 0.09090909090909091, 0.09090909090909091, 0.09090909090909091, 0.09090909090909091, 0.09090909090909091]
[0, 0, 0.0, 0.0, 0.0, 0.0, 0.2, 0.16666666666666666, 0.14285714285714285, 0.125, 0.1111111111111111, 0.1]
[(6, 38), (10, 39), (22, 23), (2, 25), (0, 16), (17, 18), (4, 8), (10, 22), (27, 30), (10, 24), (20, 27)]
88.5123153257
======PARAMS
0.001
0.00115
450
550
650
750
850
950
1050
1150
1250
1350
1450
1550
1650
1750
Average Selection iterations
55.7333333333
SUFFICIENT STATS
990
Recall
1.0
Precision
0.846153846154
F1-score
0.916666666667
False
[0, 0, 0.09090909090909091, 0.18181818181818182, 0.2727272727272727, 0.36363636363636365, 0.45454545454545453, 0.5454545454545454, 0.5454545454545454, 0.6363636363636364, 0.7272727272727273, 0.8181818181818182, 0.9090909090909091, 1.0, 1.0]
[0, 0, 1.0, 1.0, 1.0, 1.0, 1.0, 1.0, 0.8571428571428571, 0.875, 0.8888888888888888, 0.9, 0.9090909090909091, 0.9166666666666666, 0.8461538461538461]
[(0, 16), (5, 21), (1, 7), (19, 32), (14, 18), (1, 41), (7, 41), (23, 37), (12, 17), (9, 26), (15, 44), (13, 24), (7, 9)]
77.5413377621
NEW OPT FOUND
15
15
OPT PARAMS
0.001
0.00115
(0.00115, 0.001)
OPT reached
OPT PARAMS
0.001
0.00115
>>>>>>>>>>>>>>>>>>>>>METHOD: queue
450
550
650
750
850
950
1050
1150
1250
1350
1450
1550
1650
1750
Average Selection iterations
408.933333333
SUFFICIENT STATS
990
Recall
1.0
Precision
0.846153846154
F1-score
0.916666666667
15
15
>>>>>>>>>>>>>>>>>>>>>METHOD: Graft
450
550
650
750
850
950
1050
1150
1250
1350
1450
1550
1650
1750
SUFFICIENT STATS
990
Recall
1.0
Precision
0.846153846154
F1-score
0.916666666667
[(0, 16), (12, 17), (19, 32), (1, 7), (1, 41), (14, 18), (13, 24), (7, 41), (15, 44), (23, 37), (9, 26), (5, 21), (7, 9)]
[0, 0, 0.09090909090909091, 0.18181818181818182, 0.2727272727272727, 0.36363636363636365, 0.45454545454545453, 0.5454545454545454, 0.6363636363636364, 0.6363636363636364, 0.7272727272727273, 0.8181818181818182, 0.9090909090909091, 1.0, 1.0]
15
15
structured
queue
graft
======================================Simulating data...
> Creating model
> Generating data
[0, 1, 2, 3, 4, 5, 6, 7, 8, 9, 10, 11, 12, 13, 14, 15, 16, 17, 18, 19, 20, 21, 22, 23, 24, 25, 26, 27, 28, 29, 30, 31, 32, 33, 34, 35, 36, 37, 38, 39, 40, 41, 42, 43, 44, 45, 46, 47, 48, 49, 50, 51, 52, 53, 54]
{0: 10, 1: 10, 2: 10, 3: 10, 4: 10, 5: 10, 6: 10, 7: 10, 8: 10, 9: 10, 10: 10, 11: 10, 12: 10, 13: 10, 14: 10, 15: 10, 16: 10, 17: 10, 18: 10, 19: 10, 20: 10, 21: 10, 22: 10, 23: 10, 24: 10, 25: 10, 26: 10, 27: 10, 28: 10, 29: 10, 30: 10, 31: 10, 32: 10, 33: 10, 34: 10, 35: 10, 36: 10, 37: 10, 38: 10, 39: 10, 40: 10, 41: 10, 42: 10, 43: 10, 44: 10, 45: 10, 46: 10, 47: 10, 48: 10, 49: 10, 50: 10, 51: 10, 52: 10, 53: 10, 54: 10}
10
NUM VARIABLES
55
NUM EDGES
13
EDGES
[(0, 34), (1, 8), (4, 29), (5, 26), (6, 34), (7, 47), (16, 42), (20, 46), (20, 54), (30, 35), (31, 33), (35, 54), (44, 51)]
>>>>>>>>>>>>>>>>>>>>>METHOD: structured
======PARAMS
1e-05
1.15e-05
550
650
750
850
950
1050
1150
1250
1350
1450
1550
True
[0, 0, 0.0, 0.0, 0.0, 0.0, 0.0, 0.0, 0.07692307692307693, 0.07692307692307693, 0.07692307692307693, 0.07692307692307693]
[0, 0, 0.0, 0.0, 0.0, 0.0, 0.0, 0.0, 0.14285714285714285, 0.125, 0.1111111111111111, 0.1]
[(23, 32), (7, 35), (4, 18), (9, 12), (9, 52), (37, 49), (0, 34), (5, 40), (8, 33), (20, 28), (11, 16)]
113.262473522
======PARAMS
2.5e-05
2.875e-05
550
650
750
850
950
1050
1150
1250
1350
1450
1550
True
[0, 0, 0.0, 0.0, 0.0, 0.0, 0.0, 0.0, 0.07692307692307693, 0.07692307692307693, 0.07692307692307693, 0.07692307692307693]
[0, 0, 0.0, 0.0, 0.0, 0.0, 0.0, 0.0, 0.14285714285714285, 0.125, 0.1111111111111111, 0.1]
[(23, 32), (7, 35), (4, 18), (9, 12), (9, 52), (37, 49), (0, 34), (5, 40), (8, 33), (20, 28), (11, 16)]
113.253363672
======PARAMS
5e-05
5.75e-05
550
650
750
850
950
1050
1150
1250
1350
1450
1550
True
[0, 0, 0.0, 0.0, 0.0, 0.0, 0.0, 0.0, 0.07692307692307693, 0.07692307692307693, 0.07692307692307693, 0.07692307692307693]
[0, 0, 0.0, 0.0, 0.0, 0.0, 0.0, 0.0, 0.14285714285714285, 0.125, 0.1111111111111111, 0.1]
[(23, 32), (7, 35), (4, 18), (9, 12), (9, 52), (37, 49), (0, 34), (5, 40), (8, 33), (20, 28), (11, 16)]
113.241392189
======PARAMS
7.5e-05
8.625e-05
550
650
750
850
950
1050
1150
1250
1350
1450
1550
True
[0, 0, 0.0, 0.0, 0.0, 0.0, 0.0, 0.0, 0.07692307692307693, 0.07692307692307693, 0.07692307692307693, 0.07692307692307693]
[0, 0, 0.0, 0.0, 0.0, 0.0, 0.0, 0.0, 0.14285714285714285, 0.125, 0.1111111111111111, 0.1]
[(23, 32), (7, 35), (4, 18), (9, 12), (9, 52), (37, 49), (0, 34), (5, 40), (8, 33), (20, 28), (11, 16)]
113.232003608
======PARAMS
0.0001
0.000115
550
650
750
850
950
1050
1150
1250
1350
1450
1550
True
[0, 0, 0.0, 0.0, 0.0, 0.0, 0.0, 0.0, 0.07692307692307693, 0.07692307692307693, 0.07692307692307693, 0.07692307692307693]
[0, 0, 0.0, 0.0, 0.0, 0.0, 0.0, 0.0, 0.14285714285714285, 0.125, 0.1111111111111111, 0.1]
[(23, 32), (7, 35), (4, 18), (9, 12), (9, 52), (37, 49), (0, 34), (5, 40), (8, 33), (20, 28), (11, 16)]
113.22326644
======PARAMS
0.00025
0.0002875
550
650
750
850
950
1050
1150
1250
1350
1450
1550
True
[0, 0, 0.0, 0.0, 0.0, 0.0, 0.0, 0.0, 0.07692307692307693, 0.07692307692307693, 0.07692307692307693, 0.07692307692307693]
[0, 0, 0.0, 0.0, 0.0, 0.0, 0.0, 0.0, 0.14285714285714285, 0.125, 0.1111111111111111, 0.1]
[(23, 32), (7, 35), (4, 18), (9, 12), (9, 52), (37, 49), (0, 34), (5, 40), (8, 33), (20, 28), (11, 16)]
113.183337712
======PARAMS
0.0005
0.000575
550
650
750
850
950
1050
1150
1250
1350
1450
1550
True
[0, 0, 0.0, 0.0, 0.0, 0.0, 0.0, 0.07692307692307693, 0.07692307692307693, 0.07692307692307693, 0.07692307692307693, 0.07692307692307693]
[0, 0, 0.0, 0.0, 0.0, 0.0, 0.0, 0.16666666666666666, 0.14285714285714285, 0.125, 0.1111111111111111, 0.1]
[(23, 32), (4, 18), (9, 12), (9, 52), (37, 49), (0, 34), (5, 40), (8, 33), (20, 28), (3, 39), (39, 40)]
111.750513989
======PARAMS
0.00075
0.0008625
550
650
750
850
950
1050
1150
1250
1350
1450
1550
1650
True
[0, 0, 0.0, 0.07692307692307693, 0.07692307692307693, 0.07692307692307693, 0.07692307692307693, 0.15384615384615385, 0.15384615384615385, 0.15384615384615385, 0.15384615384615385, 0.15384615384615385, 0.15384615384615385]
[0, 0, 0.0, 0.5, 0.3333333333333333, 0.25, 0.2, 0.3333333333333333, 0.2857142857142857, 0.25, 0.2222222222222222, 0.2, 0.18181818181818182]
[(37, 49), (0, 34), (5, 33), (20, 25), (38, 40), (6, 34), (20, 30), (6, 51), (36, 39), (0, 5), (11, 33), (5, 26)]
113.761559626
======PARAMS
0.001
0.00115
550
650
750
850
950
1050
1150
1250
1350
1450
1550
1650
1750
1850
1950
2050
2150
2250
2350
2450
2550
Average Selection iterations
51.5909090909
SUFFICIENT STATS
1485
Recall
1.0
Precision
0.65
F1-score
0.787878787879
False
[0, 0, 0.07692307692307693, 0.15384615384615385, 0.15384615384615385, 0.23076923076923078, 0.3076923076923077, 0.38461538461538464, 0.38461538461538464, 0.38461538461538464, 0.46153846153846156, 0.5384615384615384, 0.5384615384615384, 0.6153846153846154, 0.6153846153846154, 0.6923076923076923, 0.7692307692307693, 0.7692307692307693, 0.8461538461538461, 0.9230769230769231, 0.9230769230769231, 1.0]
[0, 0, 1.0, 1.0, 0.6666666666666666, 0.75, 0.8, 0.8333333333333334, 0.7142857142857143, 0.625, 0.6666666666666666, 0.7, 0.6363636363636364, 0.6666666666666666, 0.6153846153846154, 0.6428571428571429, 0.6666666666666666, 0.625, 0.6470588235294118, 0.6666666666666666, 0.631578947368421, 0.65]
[(0, 34), (6, 34), (20, 30), (5, 26), (1, 8), (16, 42), (30, 54), (46, 54), (20, 54), (4, 29), (35, 46), (7, 47), (0, 6), (30, 35), (44, 51), (20, 35), (31, 33), (35, 54), (30, 46), (20, 46)]
108.197014499
NEW OPT FOUND
22
22
OPT PARAMS
0.001
0.00115
(0.00115, 0.001)
======PARAMS
0.0025
0.002875
550
650
750
850
950
1050
1150
1250
1350
1450
1550
1650
1750
1850
1950
2050
2150
2250
2350
2450
2550
Average Selection iterations
51.5909090909
SUFFICIENT STATS
1485
Recall
1.0
Precision
0.65
F1-score
0.787878787879
False
[0, 0, 0.07692307692307693, 0.15384615384615385, 0.15384615384615385, 0.23076923076923078, 0.3076923076923077, 0.38461538461538464, 0.38461538461538464, 0.38461538461538464, 0.46153846153846156, 0.5384615384615384, 0.5384615384615384, 0.6153846153846154, 0.6153846153846154, 0.6923076923076923, 0.7692307692307693, 0.7692307692307693, 0.8461538461538461, 0.9230769230769231, 0.9230769230769231, 1.0]
[0, 0, 1.0, 1.0, 0.6666666666666666, 0.75, 0.8, 0.8333333333333334, 0.7142857142857143, 0.625, 0.6666666666666666, 0.7, 0.6363636363636364, 0.6666666666666666, 0.6153846153846154, 0.6428571428571429, 0.6666666666666666, 0.625, 0.6470588235294118, 0.6666666666666666, 0.631578947368421, 0.65]
[(0, 34), (6, 34), (20, 30), (5, 26), (1, 8), (16, 42), (30, 54), (46, 54), (20, 54), (4, 29), (35, 46), (7, 47), (0, 6), (30, 35), (44, 51), (20, 35), (31, 33), (35, 54), (30, 46), (20, 46)]
109.92451507
======PARAMS
0.005
0.00575
550
650
750
850
950
1050
1150
1250
1350
1450
1550
1650
1750
1850
1950
2050
2150
2250
2350
2450
2550
Average Selection iterations
51.5909090909
SUFFICIENT STATS
1485
Recall
1.0
Precision
0.65
F1-score
0.787878787879
False
[0, 0, 0.07692307692307693, 0.15384615384615385, 0.15384615384615385, 0.23076923076923078, 0.3076923076923077, 0.38461538461538464, 0.38461538461538464, 0.38461538461538464, 0.46153846153846156, 0.5384615384615384, 0.5384615384615384, 0.6153846153846154, 0.6153846153846154, 0.6923076923076923, 0.7692307692307693, 0.7692307692307693, 0.8461538461538461, 0.9230769230769231, 0.9230769230769231, 1.0]
[0, 0, 1.0, 1.0, 0.6666666666666666, 0.75, 0.8, 0.8333333333333334, 0.7142857142857143, 0.625, 0.6666666666666666, 0.7, 0.6363636363636364, 0.6666666666666666, 0.6153846153846154, 0.6428571428571429, 0.6666666666666666, 0.625, 0.6470588235294118, 0.6666666666666666, 0.631578947368421, 0.65]
[(0, 34), (6, 34), (20, 30), (5, 26), (1, 8), (16, 42), (30, 54), (46, 54), (20, 54), (4, 29), (35, 46), (7, 47), (0, 6), (30, 35), (44, 51), (20, 35), (31, 33), (35, 54), (30, 46), (20, 46)]
112.961044021
======PARAMS
0.0075
0.008625
550
650
750
850
950
1050
1150
1250
1350
1450
1550
1650
1750
1850
1950
2050
2150
2250
2350
2450
2550
Average Selection iterations
51.5909090909
SUFFICIENT STATS
1485
Recall
1.0
Precision
0.65
F1-score
0.787878787879
False
[0, 0, 0.07692307692307693, 0.15384615384615385, 0.15384615384615385, 0.23076923076923078, 0.3076923076923077, 0.38461538461538464, 0.38461538461538464, 0.38461538461538464, 0.46153846153846156, 0.5384615384615384, 0.5384615384615384, 0.6153846153846154, 0.6153846153846154, 0.6923076923076923, 0.7692307692307693, 0.7692307692307693, 0.8461538461538461, 0.9230769230769231, 0.9230769230769231, 1.0]
[0, 0, 1.0, 1.0, 0.6666666666666666, 0.75, 0.8, 0.8333333333333334, 0.7142857142857143, 0.625, 0.6666666666666666, 0.7, 0.6363636363636364, 0.6666666666666666, 0.6153846153846154, 0.6428571428571429, 0.6666666666666666, 0.625, 0.6470588235294118, 0.6666666666666666, 0.631578947368421, 0.65]
[(0, 34), (6, 34), (20, 30), (5, 26), (1, 8), (16, 42), (30, 54), (46, 54), (20, 54), (4, 29), (35, 46), (7, 47), (0, 6), (30, 35), (44, 51), (20, 35), (31, 33), (35, 54), (30, 46), (20, 46)]
116.136779671
======PARAMS
0.01
0.0115
550
650
750
850
950
1050
1150
1250
1350
1450
1550
1650
1750
1850
1950
2050
2150
2250
2350
2450
Average Selection iterations
54.0476190476
SUFFICIENT STATS
1485
Recall
1.0
Precision
0.684210526316
F1-score
0.8125
False
[0, 0, 0.07692307692307693, 0.15384615384615385, 0.15384615384615385, 0.23076923076923078, 0.3076923076923077, 0.38461538461538464, 0.38461538461538464, 0.38461538461538464, 0.46153846153846156, 0.5384615384615384, 0.5384615384615384, 0.6153846153846154, 0.6153846153846154, 0.6923076923076923, 0.7692307692307693, 0.7692307692307693, 0.8461538461538461, 0.9230769230769231, 1.0]
[0, 0, 1.0, 1.0, 0.6666666666666666, 0.75, 0.8, 0.8333333333333334, 0.7142857142857143, 0.625, 0.6666666666666666, 0.7, 0.6363636363636364, 0.6666666666666666, 0.6153846153846154, 0.6428571428571429, 0.6666666666666666, 0.625, 0.6470588235294118, 0.6666666666666666, 0.6842105263157895]
[(0, 34), (6, 34), (20, 30), (5, 26), (1, 8), (16, 42), (30, 54), (46, 54), (20, 54), (4, 29), (35, 46), (7, 47), (0, 6), (30, 35), (44, 51), (20, 35), (31, 33), (35, 54), (20, 46)]
116.278826115
NEW OPT FOUND
21
21
OPT PARAMS
0.01
0.0115
(0.0115, 0.01)
OPT reached
OPT PARAMS
0.01
0.0115
>>>>>>>>>>>>>>>>>>>>>METHOD: queue
550
650
750
850
950
1050
1150
1250
1350
1450
1550
1650
1750
1850
1950
2050
2150
2250
2350
2450
Average Selection iterations
689.333333333
SUFFICIENT STATS
1485
Recall
1.0
Precision
0.684210526316
F1-score
0.8125
21
21
>>>>>>>>>>>>>>>>>>>>>METHOD: Graft
550
650
750
850
950
1050
1150
1250
1350
1450
1550
1650
1750
1850
1950
2050
2150
2250
2350
2450
SUFFICIENT STATS
1485
Recall
1.0
Precision
0.684210526316
F1-score
0.8125
[(6, 34), (44, 51), (31, 33), (0, 34), (35, 54), (7, 47), (1, 8), (4, 29), (0, 6), (30, 35), (5, 26), (20, 46), (16, 42), (20, 54), (46, 54), (30, 54), (20, 35), (35, 46), (20, 30)]
[0, 0, 0.07692307692307693, 0.15384615384615385, 0.23076923076923078, 0.3076923076923077, 0.38461538461538464, 0.46153846153846156, 0.5384615384615384, 0.6153846153846154, 0.6153846153846154, 0.6923076923076923, 0.7692307692307693, 0.8461538461538461, 0.9230769230769231, 1.0, 1.0, 1.0, 1.0, 1.0, 1.0]
21
21
structured
queue
graft
======================================Simulating data...
> Creating model
> Generating data
