================================= ///////////////////START//////////////// =========================================
======================================Simulating data...
> Creating model
> Generating data
[0, 1, 2, 3, 4, 5, 6, 7, 8, 9, 10, 11, 12, 13, 14]
{0: 10, 1: 10, 2: 10, 3: 10, 4: 10, 5: 10, 6: 10, 7: 10, 8: 10, 9: 10, 10: 10, 11: 10, 12: 10, 13: 10, 14: 10}
10
NUM VARIABLES
15
NUM EDGES
3
EDGES
[(2, 4), (2, 11), (3, 9)]
>>>>>>>>>>>>>>>>>>>>>METHOD: structured
======PARAMS
1e-05
1.15e-05
/home/walidch/mrf_project/MRFToolBox/mrftools/mrftools/Learner.py:118: FutureWarning: comparison to `None` will result in an elementwise object comparison in the future.
  if (self.tau_q == None or not self.fully_observed) and not (self.graft):
/home/walidch/mrf_project/MRFToolBox/mrftools/mrftools/Learner.py:132: FutureWarning: comparison to `None` will result in an elementwise object comparison in the future.
  if (self.tau_q == None or not self.fully_observed) and not (self.graft):
True
[0, 0, 0.0, 0.0, 0.0, 0.0, 0.0, 0.0, 0.0, 0.3333333333333333, 0.3333333333333333, 0.3333333333333333]
[0, 0, 0.0, 0.0, 0.0, 0.0, 0.0, 0.0, 0.0, 0.125, 0.1111111111111111, 0.1]
[(8, 14), (6, 13), (6, 10), (4, 9), (3, 8), (1, 10), (2, 12), (3, 9), (7, 11), (1, 7), (5, 6)]
31.8004461244
======PARAMS
2.5e-05
2.875e-05
True
[0, 0, 0.0, 0.0, 0.0, 0.0, 0.0, 0.0, 0.0, 0.3333333333333333, 0.3333333333333333, 0.3333333333333333]
[0, 0, 0.0, 0.0, 0.0, 0.0, 0.0, 0.0, 0.0, 0.125, 0.1111111111111111, 0.1]
[(8, 14), (6, 13), (6, 10), (4, 9), (3, 8), (1, 10), (2, 12), (3, 9), (7, 11), (1, 7), (5, 6)]
31.7769696208
======PARAMS
5e-05
5.75e-05
True
[0, 0, 0.0, 0.0, 0.0, 0.0, 0.0, 0.0, 0.0, 0.3333333333333333, 0.3333333333333333, 0.3333333333333333]
[0, 0, 0.0, 0.0, 0.0, 0.0, 0.0, 0.0, 0.0, 0.125, 0.1111111111111111, 0.1]
[(8, 14), (6, 13), (6, 10), (4, 9), (3, 8), (1, 10), (2, 12), (3, 9), (7, 11), (1, 7), (5, 6)]
31.7503516585
======PARAMS
7.5e-05
8.625e-05
True
[0, 0, 0.0, 0.0, 0.0, 0.0, 0.0, 0.0, 0.0, 0.3333333333333333, 0.3333333333333333, 0.3333333333333333]
[0, 0, 0.0, 0.0, 0.0, 0.0, 0.0, 0.0, 0.0, 0.125, 0.1111111111111111, 0.1]
[(8, 14), (6, 13), (6, 10), (4, 9), (3, 8), (1, 10), (2, 12), (3, 9), (7, 11), (1, 7), (5, 6)]
31.7293498137
======PARAMS
0.0001
0.000115
True
[0, 0, 0.0, 0.0, 0.0, 0.0, 0.0, 0.0, 0.0, 0.3333333333333333, 0.3333333333333333, 0.3333333333333333]
[0, 0, 0.0, 0.0, 0.0, 0.0, 0.0, 0.0, 0.0, 0.125, 0.1111111111111111, 0.1]
[(8, 14), (6, 13), (6, 10), (4, 9), (3, 8), (1, 10), (2, 12), (3, 9), (7, 11), (1, 7), (5, 6)]
31.7106692784
======PARAMS
0.00025
0.0002875
True
[0, 0, 0.0, 0.0, 0.0, 0.0, 0.0, 0.0, 0.0, 0.3333333333333333, 0.3333333333333333, 0.3333333333333333]
[0, 0, 0.0, 0.0, 0.0, 0.0, 0.0, 0.0, 0.0, 0.125, 0.1111111111111111, 0.1]
[(8, 14), (6, 13), (6, 10), (4, 9), (3, 8), (1, 10), (2, 12), (3, 9), (7, 11), (1, 7), (5, 6)]
31.6269545155
======PARAMS
0.0005
0.000575
True
[0, 0, 0.0, 0.0, 0.0, 0.0, 0.0, 0.0, 0.0, 0.3333333333333333, 0.3333333333333333, 0.3333333333333333]
[0, 0, 0.0, 0.0, 0.0, 0.0, 0.0, 0.0, 0.0, 0.125, 0.1111111111111111, 0.1]
[(8, 14), (6, 13), (6, 10), (4, 9), (3, 8), (1, 10), (2, 12), (3, 9), (7, 11), (1, 7), (5, 6)]
31.5422752529
======PARAMS
0.00075
0.0008625
True
[0, 0, 0.0, 0.0, 0.0, 0.0, 0.0, 0.3333333333333333, 0.3333333333333333, 0.3333333333333333, 0.3333333333333333, 0.3333333333333333]
[0, 0, 0.0, 0.0, 0.0, 0.0, 0.0, 0.16666666666666666, 0.14285714285714285, 0.125, 0.1111111111111111, 0.1]
[(8, 14), (6, 13), (6, 10), (3, 8), (1, 10), (3, 9), (7, 11), (1, 7), (5, 6), (0, 9), (11, 13)]
29.9635990065
======PARAMS
0.001
0.00115
True
[0, 0, 0.0, 0.0, 0.0, 0.0, 0.0, 0.3333333333333333, 0.3333333333333333, 0.3333333333333333, 0.3333333333333333, 0.3333333333333333]
[0, 0, 0.0, 0.0, 0.0, 0.0, 0.0, 0.16666666666666666, 0.14285714285714285, 0.125, 0.1111111111111111, 0.1]
[(8, 14), (6, 13), (6, 10), (3, 8), (1, 10), (3, 9), (1, 7), (5, 6), (0, 9), (11, 13), (9, 14)]
29.9274820814
======PARAMS
0.0025
0.002875
Average Selection iterations
13.5
SUFFICIENT STATS
105
Recall
1.0
Precision
0.75
F1-score
0.857142857143
False
[0, 0, 0.3333333333333333, 0.6666666666666666, 1.0, 1.0]
[0, 0, 1.0, 1.0, 1.0, 0.75]
[(3, 9), (2, 4), (2, 11), (4, 11)]
30.6062220598
NEW OPT FOUND
6
6
OPT PARAMS
0.0025
0.002875
(0.002875, 0.0025)
OPT reached
OPT PARAMS
0.0025
0.002875
>>>>>>>>>>>>>>>>>>>>>METHOD: queue
Average Selection iterations
36.6666666667
SUFFICIENT STATS
105
Recall
1.0
Precision
0.75
F1-score
0.857142857143
6
6
>>>>>>>>>>>>>>>>>>>>>METHOD: Graft
SUFFICIENT STATS
105
Recall
1.0
Precision
0.75
F1-score
0.857142857143
[(3, 9), (2, 4), (2, 11), (4, 11)]
[0, 0, 0.3333333333333333, 0.6666666666666666, 1.0, 1.0]
6
6
structured
queue
graft
======================================Simulating data...
> Creating model
> Generating data
[0, 1, 2, 3, 4, 5, 6, 7, 8, 9, 10, 11, 12, 13, 14, 15, 16, 17, 18, 19, 20, 21, 22, 23, 24]
{0: 10, 1: 10, 2: 10, 3: 10, 4: 10, 5: 10, 6: 10, 7: 10, 8: 10, 9: 10, 10: 10, 11: 10, 12: 10, 13: 10, 14: 10, 15: 10, 16: 10, 17: 10, 18: 10, 19: 10, 20: 10, 21: 10, 22: 10, 23: 10, 24: 10}
10
NUM VARIABLES
25
NUM EDGES
6
EDGES
[(1, 7), (4, 14), (7, 14), (8, 11), (10, 13), (14, 20)]
>>>>>>>>>>>>>>>>>>>>>METHOD: structured
======PARAMS
1e-05
1.15e-05
True
[0, 0, 0.0, 0.0, 0.0, 0.0, 0.0, 0.0, 0.0, 0.0, 0.0, 0.0]
[0, 0, 0.0, 0.0, 0.0, 0.0, 0.0, 0.0, 0.0, 0.0, 0.0, 0.0]
[(8, 22), (14, 19), (6, 22), (20, 22), (10, 19), (2, 24), (0, 24), (16, 23), (17, 18), (12, 18), (0, 11)]
51.7183016695
======PARAMS
2.5e-05
2.875e-05
True
[0, 0, 0.0, 0.0, 0.0, 0.0, 0.0, 0.0, 0.0, 0.0, 0.0, 0.0]
[0, 0, 0.0, 0.0, 0.0, 0.0, 0.0, 0.0, 0.0, 0.0, 0.0, 0.0]
[(8, 22), (14, 19), (6, 22), (20, 22), (10, 19), (2, 24), (0, 24), (16, 23), (17, 18), (12, 18), (0, 11)]
51.7032570701
======PARAMS
5e-05
5.75e-05
True
[0, 0, 0.0, 0.0, 0.0, 0.0, 0.0, 0.0, 0.0, 0.0, 0.0, 0.0]
[0, 0, 0.0, 0.0, 0.0, 0.0, 0.0, 0.0, 0.0, 0.0, 0.0, 0.0]
[(8, 22), (14, 19), (6, 22), (20, 22), (10, 19), (2, 24), (0, 24), (16, 23), (17, 18), (12, 18), (0, 11)]
51.6854148372
======PARAMS
7.5e-05
8.625e-05
True
[0, 0, 0.0, 0.0, 0.0, 0.0, 0.0, 0.0, 0.0, 0.0, 0.0, 0.0]
[0, 0, 0.0, 0.0, 0.0, 0.0, 0.0, 0.0, 0.0, 0.0, 0.0, 0.0]
[(8, 22), (14, 19), (6, 22), (20, 22), (10, 19), (2, 24), (0, 24), (16, 23), (17, 18), (12, 18), (0, 11)]
51.6710953659
======PARAMS
0.0001
0.000115
True
[0, 0, 0.0, 0.0, 0.0, 0.0, 0.0, 0.0, 0.0, 0.0, 0.0, 0.0]
[0, 0, 0.0, 0.0, 0.0, 0.0, 0.0, 0.0, 0.0, 0.0, 0.0, 0.0]
[(8, 22), (14, 19), (6, 22), (20, 22), (10, 19), (2, 24), (0, 24), (16, 23), (17, 18), (12, 18), (0, 11)]
51.6576241906
======PARAMS
0.00025
0.0002875
True
[0, 0, 0.0, 0.0, 0.0, 0.0, 0.0, 0.0, 0.0, 0.0, 0.0, 0.0]
[0, 0, 0.0, 0.0, 0.0, 0.0, 0.0, 0.0, 0.0, 0.0, 0.0, 0.0]
[(8, 22), (14, 19), (6, 22), (20, 22), (10, 19), (2, 24), (0, 24), (16, 23), (17, 18), (12, 18), (0, 11)]
51.5976107152
======PARAMS
0.0005
0.000575
True
[0, 0, 0.0, 0.0, 0.0, 0.0, 0.0, 0.0, 0.0, 0.0, 0.0, 0.0]
[0, 0, 0.0, 0.0, 0.0, 0.0, 0.0, 0.0, 0.0, 0.0, 0.0, 0.0]
[(8, 22), (14, 19), (6, 22), (20, 22), (10, 19), (2, 24), (0, 24), (16, 23), (17, 18), (12, 18), (0, 11)]
