================================= ///////////////////START//////////////// =========================================
======================================Simulating data...
> Creating model
> Generating data
[0, 1, 2, 3, 4, 5, 6, 7, 8, 9]
{0: 10, 1: 10, 2: 10, 3: 10, 4: 10, 5: 10, 6: 10, 7: 10, 8: 10, 9: 10}
10
NUM VARIABLES
10
NUM EDGES
2
EDGES
[(0, 1), (1, 8)]
>>>>>>>>>>>>>>>>>>>>>METHOD: structured
======PARAMS
1e-05
1.15e-05
/home/walidch/mrf_project/MRFToolBox/mrftools/mrftools/Learner.py:118: FutureWarning: comparison to `None` will result in an elementwise object comparison in the future.
  if (self.tau_q == None or not self.fully_observed) and not (self.graft):
/home/walidch/mrf_project/MRFToolBox/mrftools/mrftools/Learner.py:132: FutureWarning: comparison to `None` will result in an elementwise object comparison in the future.
  if (self.tau_q == None or not self.fully_observed) and not (self.graft):
True
[0, 0, 0.0, 0.0, 0.0, 0.0, 0.0, 0.0, 0.0, 0.0, 0.0, 0.0]
[0, 0, 0.0, 0.0, 0.0, 0.0, 0.0, 0.0, 0.0, 0.0, 0.0, 0.0]
[(0, 7), (0, 8), (2, 7), (6, 7), (1, 3), (0, 6), (1, 7), (1, 2), (8, 9), (2, 5), (1, 5)]
26.4946042832
======PARAMS
2.5e-05
2.875e-05
True
[0, 0, 0.0, 0.0, 0.0, 0.0, 0.0, 0.0, 0.0, 0.0, 0.0, 0.0]
[0, 0, 0.0, 0.0, 0.0, 0.0, 0.0, 0.0, 0.0, 0.0, 0.0, 0.0]
[(0, 7), (0, 8), (2, 7), (6, 7), (1, 3), (0, 6), (1, 7), (1, 2), (8, 9), (2, 5), (1, 5)]
26.4811587609
======PARAMS
5e-05
5.75e-05
True
[0, 0, 0.0, 0.0, 0.0, 0.0, 0.0, 0.0, 0.0, 0.0, 0.0, 0.0]
[0, 0, 0.0, 0.0, 0.0, 0.0, 0.0, 0.0, 0.0, 0.0, 0.0, 0.0]
[(0, 7), (0, 8), (2, 7), (6, 7), (1, 3), (0, 6), (1, 7), (1, 2), (8, 9), (2, 5), (1, 5)]
26.4597975238
======PARAMS
7.5e-05
8.625e-05
True
[0, 0, 0.0, 0.0, 0.0, 0.0, 0.0, 0.0, 0.0, 0.0, 0.0, 0.0]
[0, 0, 0.0, 0.0, 0.0, 0.0, 0.0, 0.0, 0.0, 0.0, 0.0, 0.0]
[(0, 7), (0, 8), (2, 7), (6, 7), (1, 3), (0, 6), (1, 7), (1, 2), (8, 9), (2, 5), (1, 5)]
26.4393053471
======PARAMS
0.0001
0.000115
True
[0, 0, 0.0, 0.0, 0.0, 0.0, 0.0, 0.0, 0.0, 0.0, 0.0, 0.0]
[0, 0, 0.0, 0.0, 0.0, 0.0, 0.0, 0.0, 0.0, 0.0, 0.0, 0.0]
[(0, 7), (0, 8), (2, 7), (6, 7), (1, 3), (0, 6), (1, 7), (1, 2), (8, 9), (2, 5), (1, 5)]
26.4191529674
======PARAMS
0.00025
0.0002875
True
[0, 0, 0.0, 0.0, 0.0, 0.0, 0.0, 0.0, 0.0, 0.0, 0.0, 0.0]
[0, 0, 0.0, 0.0, 0.0, 0.0, 0.0, 0.0, 0.0, 0.0, 0.0, 0.0]
[(0, 7), (0, 8), (2, 7), (6, 7), (1, 3), (0, 6), (1, 7), (1, 2), (8, 9), (2, 5), (1, 5)]
26.3112374476
======PARAMS
0.0005
0.000575
True
[0, 0, 0.0, 0.0, 0.0, 0.0, 0.0, 0.0, 0.0, 0.0, 0.0, 0.0]
[0, 0, 0.0, 0.0, 0.0, 0.0, 0.0, 0.0, 0.0, 0.0, 0.0, 0.0]
[(0, 7), (0, 8), (2, 7), (6, 7), (1, 3), (0, 6), (1, 7), (1, 2), (8, 9), (2, 5), (1, 5)]
26.168422854
======PARAMS
0.00075
0.0008625
True
[0, 0, 0.0, 0.0, 0.0, 0.0, 0.0, 0.0, 0.0, 0.0, 0.0, 0.0]
[0, 0, 0.0, 0.0, 0.0, 0.0, 0.0, 0.0, 0.0, 0.0, 0.0, 0.0]
[(0, 7), (0, 8), (2, 7), (6, 7), (1, 3), (0, 6), (1, 7), (1, 2), (8, 9), (2, 5), (1, 5)]
26.0620522346
======PARAMS
0.001
0.00115
True
[0, 0, 0.0, 0.0, 0.0, 0.0, 0.0, 0.0, 0.0, 0.0, 0.0, 0.0]
[0, 0, 0.0, 0.0, 0.0, 0.0, 0.0, 0.0, 0.0, 0.0, 0.0, 0.0]
[(0, 7), (0, 8), (2, 7), (6, 7), (1, 3), (0, 6), (1, 7), (1, 2), (8, 9), (2, 5), (1, 5)]
25.9861131285
======PARAMS
0.0025
0.002875
Average Selection iterations
6.6
SUFFICIENT STATS
45
Recall
1.0
Precision
0.666666666667
F1-score
0.8
False
[0, 0, 0.0, 0.5, 1.0]
[0, 0, 0.0, 0.5, 0.6666666666666666]
[(0, 8), (1, 8), (0, 1)]
20.7258364223
NEW OPT FOUND
(0.002875, 0.0025)
OPT reached
OPT PARAMS
0.0025
0.002875
>>>>>>>>>>>>>>>>>>>>>METHOD: queue
Average Selection iterations
14.0
SUFFICIENT STATS
45
Recall
1.0
Precision
0.666666666667
F1-score
0.8
>>>>>>>>>>>>>>>>>>>>>METHOD: naive
Average Selection iterations
7.6
SUFFICIENT STATS
45
Recall
1.0
Precision
0.666666666667
F1-score
0.8
>>>>>>>>>>>>>>>>>>>>>METHOD: Graft
SUFFICIENT STATS
45
Recall
1.0
Precision
0.666666666667
F1-score
0.8
[(1, 8), (0, 1), (0, 8)]
[0, 0, 0.5, 1.0, 1.0]
======================================Simulating data...
> Creating model
> Generating data
[0, 1, 2, 3, 4, 5, 6, 7, 8, 9, 10, 11, 12, 13, 14, 15, 16, 17, 18, 19]
{0: 10, 1: 10, 2: 10, 3: 10, 4: 10, 5: 10, 6: 10, 7: 10, 8: 10, 9: 10, 10: 10, 11: 10, 12: 10, 13: 10, 14: 10, 15: 10, 16: 10, 17: 10, 18: 10, 19: 10}
10
NUM VARIABLES
20
NUM EDGES
4
EDGES
[(0, 2), (10, 15), (10, 17), (12, 13)]
>>>>>>>>>>>>>>>>>>>>>METHOD: structured
======PARAMS
1e-05
1.15e-05
True
[0, 0, 0.0, 0.0, 0.0, 0.0, 0.0, 0.0, 0.0, 0.0, 0.0, 0.0]
[0, 0, 0.0, 0.0, 0.0, 0.0, 0.0, 0.0, 0.0, 0.0, 0.0, 0.0]
[(0, 14), (15, 19), (0, 18), (5, 11), (4, 7), (1, 16), (5, 18), (6, 12), (15, 17), (3, 7), (6, 9)]
43.7994304708
======PARAMS
2.5e-05
2.875e-05
True
[0, 0, 0.0, 0.0, 0.0, 0.0, 0.0, 0.0, 0.0, 0.0, 0.0, 0.0]
[0, 0, 0.0, 0.0, 0.0, 0.0, 0.0, 0.0, 0.0, 0.0, 0.0, 0.0]
[(0, 14), (15, 19), (0, 18), (5, 11), (4, 7), (1, 16), (5, 18), (6, 12), (15, 17), (3, 7), (6, 9)]
43.7849103519
======PARAMS
5e-05
5.75e-05
True
[0, 0, 0.0, 0.0, 0.0, 0.0, 0.0, 0.0, 0.0, 0.0, 0.0, 0.0]
[0, 0, 0.0, 0.0, 0.0, 0.0, 0.0, 0.0, 0.0, 0.0, 0.0, 0.0]
[(0, 14), (15, 19), (0, 18), (5, 11), (4, 7), (1, 16), (5, 18), (6, 12), (15, 17), (3, 7), (6, 9)]
43.7654722192
======PARAMS
7.5e-05
8.625e-05
True
[0, 0, 0.0, 0.0, 0.0, 0.0, 0.0, 0.0, 0.0, 0.0, 0.0, 0.0]
[0, 0, 0.0, 0.0, 0.0, 0.0, 0.0, 0.0, 0.0, 0.0, 0.0, 0.0]
[(0, 14), (15, 19), (0, 18), (5, 11), (4, 7), (1, 16), (5, 18), (6, 12), (15, 17), (3, 7), (6, 9)]
43.7478766313
======PARAMS
0.0001
0.000115
True
[0, 0, 0.0, 0.0, 0.0, 0.0, 0.0, 0.0, 0.0, 0.0, 0.0, 0.0]
[0, 0, 0.0, 0.0, 0.0, 0.0, 0.0, 0.0, 0.0, 0.0, 0.0, 0.0]
[(0, 14), (15, 19), (0, 18), (5, 11), (4, 7), (1, 16), (5, 18), (6, 12), (15, 17), (3, 7), (6, 9)]
43.7322700733
======PARAMS
0.00025
0.0002875
True
[0, 0, 0.0, 0.0, 0.0, 0.0, 0.0, 0.0, 0.0, 0.0, 0.0, 0.0]
[0, 0, 0.0, 0.0, 0.0, 0.0, 0.0, 0.0, 0.0, 0.0, 0.0, 0.0]
[(0, 14), (15, 19), (0, 18), (5, 11), (4, 7), (1, 16), (5, 18), (6, 12), (15, 17), (3, 7), (6, 9)]
43.6570395925
======PARAMS
0.0005
0.000575
True
[0, 0, 0.0, 0.0, 0.0, 0.0, 0.0, 0.0, 0.0, 0.0, 0.0, 0.0]
[0, 0, 0.0, 0.0, 0.0, 0.0, 0.0, 0.0, 0.0, 0.0, 0.0, 0.0]
[(0, 14), (15, 19), (0, 18), (5, 11), (4, 7), (1, 16), (5, 18), (6, 12), (15, 17), (3, 7), (6, 9)]
43.5766308753
======PARAMS
0.00075
0.0008625
True
[0, 0, 0.0, 0.0, 0.0, 0.0, 0.0, 0.0, 0.0, 0.0, 0.0, 0.0]
[0, 0, 0.0, 0.0, 0.0, 0.0, 0.0, 0.0, 0.0, 0.0, 0.0, 0.0]
[(0, 14), (15, 19), (0, 18), (5, 11), (4, 7), (1, 16), (5, 18), (6, 12), (15, 17), (3, 7), (6, 9)]
43.5280383301
======PARAMS
0.001
0.00115
True
[0, 0, 0.0, 0.0, 0.0, 0.0, 0.0, 0.0, 0.0, 0.0, 0.0, 0.0]
[0, 0, 0.0, 0.0, 0.0, 0.0, 0.0, 0.0, 0.0, 0.0, 0.0, 0.0]
[(15, 19), (0, 18), (5, 11), (4, 7), (1, 16), (5, 18), (15, 17), (3, 7), (8, 19), (6, 9), (0, 4)]
41.4779159092
======PARAMS
0.0025
0.002875
Average Selection iterations
14.4285714286
SUFFICIENT STATS
190
Recall
1.0
Precision
0.8
F1-score
0.888888888889
False
[0, 0, 0.0, 0.25, 0.5, 0.75, 1.0]
[0, 0, 0.0, 0.5, 0.6666666666666666, 0.75, 0.8]
[(15, 17), (10, 17), (10, 15), (12, 13), (0, 2)]
37.2735908282
NEW OPT FOUND
(0.002875, 0.0025)
OPT reached
OPT PARAMS
0.0025
0.002875
>>>>>>>>>>>>>>>>>>>>>METHOD: queue
Average Selection iterations
57.0
SUFFICIENT STATS
190
Recall
1.0
Precision
0.8
F1-score
0.888888888889
>>>>>>>>>>>>>>>>>>>>>METHOD: naive
Average Selection iterations
16.2857142857
SUFFICIENT STATS
190
Recall
1.0
Precision
0.8
F1-score
0.888888888889
>>>>>>>>>>>>>>>>>>>>>METHOD: Graft
SUFFICIENT STATS
190
Recall
1.0
Precision
0.8
F1-score
0.888888888889
[(10, 15), (12, 13), (10, 17), (0, 2), (15, 17)]
[0, 0, 0.25, 0.5, 0.75, 1.0, 1.0]
======================================Simulating data...
> Creating model
> Generating data
[0, 1, 2, 3, 4, 5, 6, 7, 8, 9, 10, 11, 12, 13, 14, 15, 16, 17, 18, 19, 20, 21, 22, 23, 24, 25, 26, 27, 28, 29]
{0: 10, 1: 10, 2: 10, 3: 10, 4: 10, 5: 10, 6: 10, 7: 10, 8: 10, 9: 10, 10: 10, 11: 10, 12: 10, 13: 10, 14: 10, 15: 10, 16: 10, 17: 10, 18: 10, 19: 10, 20: 10, 21: 10, 22: 10, 23: 10, 24: 10, 25: 10, 26: 10, 27: 10, 28: 10, 29: 10}
10
NUM VARIABLES
30
NUM EDGES
7
EDGES
[(0, 6), (6, 11), (8, 27), (9, 28), (10, 26), (12, 20), (12, 24)]
>>>>>>>>>>>>>>>>>>>>>METHOD: structured
======PARAMS
1e-05
1.15e-05
True
[0, 0, 0.0, 0.0, 0.0, 0.0, 0.0, 0.0, 0.0, 0.0, 0.0, 0.0]
[0, 0, 0.0, 0.0, 0.0, 0.0, 0.0, 0.0, 0.0, 0.0, 0.0, 0.0]
[(24, 27), (10, 15), (20, 26), (16, 20), (0, 22), (13, 27), (6, 25), (7, 21), (23, 28), (6, 10), (13, 14)]
71.300534176
======PARAMS
2.5e-05
2.875e-05
True
[0, 0, 0.0, 0.0, 0.0, 0.0, 0.0, 0.0, 0.0, 0.0, 0.0, 0.0]
[0, 0, 0.0, 0.0, 0.0, 0.0, 0.0, 0.0, 0.0, 0.0, 0.0, 0.0]
[(24, 27), (10, 15), (20, 26), (16, 20), (0, 22), (13, 27), (6, 25), (7, 21), (23, 28), (6, 10), (13, 14)]
71.2857739479
======PARAMS
5e-05
5.75e-05
True
[0, 0, 0.0, 0.0, 0.0, 0.0, 0.0, 0.0, 0.0, 0.0, 0.0, 0.0]
[0, 0, 0.0, 0.0, 0.0, 0.0, 0.0, 0.0, 0.0, 0.0, 0.0, 0.0]
[(24, 27), (10, 15), (20, 26), (16, 20), (0, 22), (13, 27), (6, 25), (7, 21), (23, 28), (6, 10), (13, 14)]
71.2669282172
======PARAMS
7.5e-05
8.625e-05
True
[0, 0, 0.0, 0.0, 0.0, 0.0, 0.0, 0.0, 0.0, 0.0, 0.0, 0.0]
[0, 0, 0.0, 0.0, 0.0, 0.0, 0.0, 0.0, 0.0, 0.0, 0.0, 0.0]
[(24, 27), (10, 15), (20, 26), (16, 20), (0, 22), (13, 27), (6, 25), (7, 21), (23, 28), (6, 10), (13, 14)]
71.2512846851
======PARAMS
0.0001
0.000115
True
[0, 0, 0.0, 0.0, 0.0, 0.0, 0.0, 0.0, 0.0, 0.0, 0.0, 0.0]
[0, 0, 0.0, 0.0, 0.0, 0.0, 0.0, 0.0, 0.0, 0.0, 0.0, 0.0]
[(24, 27), (10, 15), (20, 26), (16, 20), (0, 22), (13, 27), (6, 25), (7, 21), (23, 28), (6, 10), (13, 14)]
71.2372273626
======PARAMS
0.00025
0.0002875
True
[0, 0, 0.0, 0.0, 0.0, 0.0, 0.0, 0.0, 0.0, 0.0, 0.0, 0.0]
[0, 0, 0.0, 0.0, 0.0, 0.0, 0.0, 0.0, 0.0, 0.0, 0.0, 0.0]
[(24, 27), (10, 15), (20, 26), (16, 20), (0, 22), (13, 27), (6, 25), (7, 21), (23, 28), (6, 10), (13, 14)]
71.1716858639
======PARAMS
0.0005
0.000575
True
[0, 0, 0.0, 0.0, 0.0, 0.0, 0.0, 0.0, 0.0, 0.0, 0.0, 0.0]
[0, 0, 0.0, 0.0, 0.0, 0.0, 0.0, 0.0, 0.0, 0.0, 0.0, 0.0]
[(24, 27), (10, 15), (20, 26), (16, 20), (0, 22), (13, 27), (6, 25), (7, 21), (23, 28), (6, 10), (13, 14)]
71.0959313756
======PARAMS
0.00075
0.0008625
True
[0, 0, 0.0, 0.0, 0.0, 0.0, 0.0, 0.0, 0.0, 0.0, 0.0, 0.0]
[0, 0, 0.0, 0.0, 0.0, 0.0, 0.0, 0.0, 0.0, 0.0, 0.0, 0.0]
[(10, 15), (20, 26), (16, 20), (0, 22), (13, 27), (6, 25), (7, 21), (6, 10), (13, 14), (8, 16), (8, 15)]
69.2766704565
======PARAMS
0.001
0.00115
Average Selection iterations
26.0
SUFFICIENT STATS
435
Recall
1.0
Precision
0.28
F1-score
0.4375
False
[0, 0, 0.0, 0.0, 0.0, 0.0, 0.0, 0.14285714285714285, 0.14285714285714285, 0.2857142857142857, 0.42857142857142855, 0.42857142857142855, 0.5714285714285714, 0.5714285714285714, 0.5714285714285714, 0.7142857142857143, 0.7142857142857143, 0.8571428571428571, 0.8571428571428571, 0.8571428571428571, 1.0, 1.0, 1.0, 1.0, 1.0, 1.0, 1.0]
[0, 0, 0.0, 0.0, 0.0, 0.0, 0.0, 0.16666666666666666, 0.14285714285714285, 0.25, 0.3333333333333333, 0.3, 0.36363636363636365, 0.3333333333333333, 0.3076923076923077, 0.35714285714285715, 0.3333333333333333, 0.375, 0.35294117647058826, 0.3333333333333333, 0.3684210526315789, 0.35, 0.3333333333333333, 0.3181818181818182, 0.30434782608695654, 0.2916666666666667, 0.28]
[(20, 24), (5, 13), (13, 22), (4, 19), (15, 21), (12, 20), (19, 23), (8, 27), (12, 24), (5, 24), (6, 11), (10, 29), (3, 29), (10, 26), (0, 11), (0, 6), (5, 25), (19, 24), (9, 28), (12, 19), (4, 13), (5, 19), (19, 20), (18, 21), (11, 14)]
60.2335868447
NEW OPT FOUND
(0.00115, 0.001)
======PARAMS
0.0025
0.002875
Average Selection iterations
34.8181818182
SUFFICIENT STATS
435
Recall
1.0
Precision
0.777777777778
F1-score
0.875
False
[0, 0, 0.0, 0.14285714285714285, 0.2857142857142857, 0.42857142857142855, 0.5714285714285714, 0.7142857142857143, 0.7142857142857143, 0.8571428571428571, 1.0]
[0, 0, 0.0, 0.5, 0.6666666666666666, 0.75, 0.8, 0.8333333333333334, 0.7142857142857143, 0.75, 0.7777777777777778]
[(20, 24), (6, 11), (12, 20), (8, 27), (12, 24), (10, 26), (0, 11), (0, 6), (9, 28)]
56.6026757793
NEW OPT FOUND
(0.002875, 0.0025)
OPT reached
OPT PARAMS
0.0025
0.002875
>>>>>>>>>>>>>>>>>>>>>METHOD: queue
Average Selection iterations
226.363636364
SUFFICIENT STATS
435
Recall
1.0
Precision
0.777777777778
F1-score
0.875
>>>>>>>>>>>>>>>>>>>>>METHOD: naive
Average Selection iterations
37.5454545455
SUFFICIENT STATS
435
Recall
1.0
Precision
0.777777777778
F1-score
0.875
>>>>>>>>>>>>>>>>>>>>>METHOD: Graft
SUFFICIENT STATS
435
Recall
1.0
Precision
0.777777777778
F1-score
0.875
[(8, 27), (9, 28), (6, 11), (12, 24), (12, 20), (10, 26), (0, 6), (0, 11), (20, 24)]
[0, 0, 0.14285714285714285, 0.2857142857142857, 0.42857142857142855, 0.5714285714285714, 0.7142857142857143, 0.8571428571428571, 1.0, 1.0, 1.0]
======================================Simulating data...
> Creating model
> Generating data
[0, 1, 2, 3, 4, 5, 6, 7, 8, 9, 10, 11, 12, 13, 14, 15, 16, 17, 18, 19, 20, 21, 22, 23, 24, 25, 26, 27, 28, 29, 30, 31, 32, 33, 34, 35, 36, 37, 38, 39]
{0: 10, 1: 10, 2: 10, 3: 10, 4: 10, 5: 10, 6: 10, 7: 10, 8: 10, 9: 10, 10: 10, 11: 10, 12: 10, 13: 10, 14: 10, 15: 10, 16: 10, 17: 10, 18: 10, 19: 10, 20: 10, 21: 10, 22: 10, 23: 10, 24: 10, 25: 10, 26: 10, 27: 10, 28: 10, 29: 10, 30: 10, 31: 10, 32: 10, 33: 10, 34: 10, 35: 10, 36: 10, 37: 10, 38: 10, 39: 10}
10
NUM VARIABLES
40
NUM EDGES
9
EDGES
[(9, 29), (14, 23), (15, 19), (16, 17), (20, 22), (22, 30), (26, 28), (29, 33), (29, 38)]
>>>>>>>>>>>>>>>>>>>>>METHOD: structured
======PARAMS
1e-05
1.15e-05
True
[0, 0, 0.0, 0.0, 0.0, 0.0, 0.0, 0.0, 0.0, 0.0, 0.0, 0.0]
[0, 0, 0.0, 0.0, 0.0, 0.0, 0.0, 0.0, 0.0, 0.0, 0.0, 0.0]
[(9, 39), (22, 24), (6, 35), (11, 15), (5, 25), (2, 9), (9, 17), (0, 34), (19, 25), (10, 18), (34, 38)]
84.2073942084
======PARAMS
2.5e-05
2.875e-05
True
[0, 0, 0.0, 0.0, 0.0, 0.0, 0.0, 0.0, 0.0, 0.0, 0.0, 0.0]
[0, 0, 0.0, 0.0, 0.0, 0.0, 0.0, 0.0, 0.0, 0.0, 0.0, 0.0]
[(9, 39), (22, 24), (6, 35), (11, 15), (5, 25), (2, 9), (9, 17), (0, 34), (19, 25), (10, 18), (34, 38)]
84.1971639764
======PARAMS
5e-05
5.75e-05
True
[0, 0, 0.0, 0.0, 0.0, 0.0, 0.0, 0.0, 0.0, 0.0, 0.0, 0.0]
[0, 0, 0.0, 0.0, 0.0, 0.0, 0.0, 0.0, 0.0, 0.0, 0.0, 0.0]
[(9, 39), (22, 24), (6, 35), (11, 15), (5, 25), (2, 9), (9, 17), (0, 34), (19, 25), (10, 18), (34, 38)]
84.184195962
======PARAMS
7.5e-05
8.625e-05
True
[0, 0, 0.0, 0.0, 0.0, 0.0, 0.0, 0.0, 0.0, 0.0, 0.0, 0.0]
[0, 0, 0.0, 0.0, 0.0, 0.0, 0.0, 0.0, 0.0, 0.0, 0.0, 0.0]
[(9, 39), (22, 24), (6, 35), (11, 15), (5, 25), (2, 9), (9, 17), (0, 34), (19, 25), (10, 18), (34, 38)]
84.1729588963
======PARAMS
0.0001
0.000115
True
[0, 0, 0.0, 0.0, 0.0, 0.0, 0.0, 0.0, 0.0, 0.0, 0.0, 0.0]
[0, 0, 0.0, 0.0, 0.0, 0.0, 0.0, 0.0, 0.0, 0.0, 0.0, 0.0]
[(9, 39), (22, 24), (6, 35), (11, 15), (5, 25), (2, 9), (9, 17), (0, 34), (19, 25), (10, 18), (34, 38)]
84.1633366901
======PARAMS
0.00025
0.0002875
True
[0, 0, 0.0, 0.0, 0.0, 0.0, 0.0, 0.0, 0.0, 0.0, 0.0, 0.0]
[0, 0, 0.0, 0.0, 0.0, 0.0, 0.0, 0.0, 0.0, 0.0, 0.0, 0.0]
[(9, 39), (22, 24), (6, 35), (11, 15), (5, 25), (2, 9), (9, 17), (0, 34), (19, 25), (10, 18), (34, 38)]
84.1195923503
======PARAMS
0.0005
0.000575
True
[0, 0, 0.0, 0.0, 0.0, 0.0, 0.0, 0.0, 0.0, 0.0, 0.0, 0.0]
[0, 0, 0.0, 0.0, 0.0, 0.0, 0.0, 0.0, 0.0, 0.0, 0.0, 0.0]
[(9, 39), (22, 24), (6, 35), (11, 15), (5, 25), (2, 9), (0, 34), (19, 25), (10, 18), (34, 38), (13, 39)]
82.7799060011
======PARAMS
0.00075
0.0008625
True
[0, 0, 0.0, 0.0, 0.0, 0.0, 0.0, 0.0, 0.0, 0.0, 0.0, 0.0]
[0, 0, 0.0, 0.0, 0.0, 0.0, 0.0, 0.0, 0.0, 0.0, 0.0, 0.0]
[(6, 35), (19, 25), (10, 18), (13, 39), (0, 3), (3, 36), (27, 36), (0, 31), (0, 24), (20, 27), (15, 25)]
79.5370485323
======PARAMS
0.001
0.00115
Average Selection iterations
46.0625
SUFFICIENT STATS
780
Recall
1.0
Precision
0.642857142857
F1-score
0.782608695652
False
[0, 0, 0.1111111111111111, 0.2222222222222222, 0.3333333333333333, 0.4444444444444444, 0.5555555555555556, 0.5555555555555556, 0.6666666666666666, 0.6666666666666666, 0.7777777777777778, 0.8888888888888888, 0.8888888888888888, 0.8888888888888888, 1.0, 1.0]
[0, 0, 1.0, 1.0, 1.0, 1.0, 1.0, 0.8333333333333334, 0.8571428571428571, 0.75, 0.7777777777777778, 0.8, 0.7272727272727273, 0.6666666666666666, 0.6923076923076923, 0.6428571428571429]
[(14, 23), (29, 38), (26, 28), (20, 22), (15, 19), (26, 38), (9, 29), (9, 38), (16, 17), (29, 33), (9, 33), (20, 30), (22, 30), (33, 38)]
78.2045914664
NEW OPT FOUND
(0.00115, 0.001)
======PARAMS
0.0025
0.002875
Average Selection iterations
40.8
SUFFICIENT STATS
780
Recall
1.0
Precision
0.692307692308
F1-score
0.818181818182
False
[0, 0, 0.1111111111111111, 0.2222222222222222, 0.3333333333333333, 0.4444444444444444, 0.5555555555555556, 0.6666666666666666, 0.6666666666666666, 0.7777777777777778, 0.8888888888888888, 0.8888888888888888, 0.8888888888888888, 0.8888888888888888, 1.0]
[0, 0, 1.0, 1.0, 1.0, 1.0, 1.0, 1.0, 0.8571428571428571, 0.875, 0.8888888888888888, 0.8, 0.7272727272727273, 0.6666666666666666, 0.6923076923076923]
[(14, 23), (29, 38), (26, 28), (20, 22), (15, 19), (9, 29), (9, 38), (16, 17), (29, 33), (9, 33), (33, 38), (20, 30), (22, 30)]
78.4123032713
NEW OPT FOUND
(0.002875, 0.0025)
OPT reached
OPT PARAMS
0.0025
0.002875
>>>>>>>>>>>>>>>>>>>>>METHOD: queue
Average Selection iterations
356.6
SUFFICIENT STATS
780
Recall
1.0
Precision
0.692307692308
F1-score
0.818181818182
>>>>>>>>>>>>>>>>>>>>>METHOD: naive
Average Selection iterations
46.6666666667
SUFFICIENT STATS
780
Recall
1.0
Precision
0.692307692308
F1-score
0.818181818182
>>>>>>>>>>>>>>>>>>>>>METHOD: Graft
SUFFICIENT STATS
780
Recall
1.0
Precision
0.692307692308
F1-score
0.818181818182
[(20, 22), (15, 19), (9, 29), (14, 23), (26, 28), (29, 38), (9, 38), (29, 33), (22, 30), (9, 33), (20, 30), (33, 38), (16, 17)]
[0, 0, 0.1111111111111111, 0.2222222222222222, 0.3333333333333333, 0.4444444444444444, 0.5555555555555556, 0.6666666666666666, 0.6666666666666666, 0.7777777777777778, 0.8888888888888888, 0.8888888888888888, 0.8888888888888888, 0.8888888888888888, 1.0]
======================================Simulating data...
> Creating model
> Generating data
[0, 1, 2, 3, 4, 5, 6, 7, 8, 9, 10, 11, 12, 13, 14, 15, 16, 17, 18, 19, 20, 21, 22, 23, 24, 25, 26, 27, 28, 29, 30, 31, 32, 33, 34, 35, 36, 37, 38, 39, 40, 41, 42, 43, 44, 45, 46, 47, 48, 49]
{0: 10, 1: 10, 2: 10, 3: 10, 4: 10, 5: 10, 6: 10, 7: 10, 8: 10, 9: 10, 10: 10, 11: 10, 12: 10, 13: 10, 14: 10, 15: 10, 16: 10, 17: 10, 18: 10, 19: 10, 20: 10, 21: 10, 22: 10, 23: 10, 24: 10, 25: 10, 26: 10, 27: 10, 28: 10, 29: 10, 30: 10, 31: 10, 32: 10, 33: 10, 34: 10, 35: 10, 36: 10, 37: 10, 38: 10, 39: 10, 40: 10, 41: 10, 42: 10, 43: 10, 44: 10, 45: 10, 46: 10, 47: 10, 48: 10, 49: 10}
10
NUM VARIABLES
50
NUM EDGES
12
EDGES
[(1, 17), (2, 4), (4, 11), (10, 15), (12, 29), (18, 45), (19, 32), (23, 47), (28, 36), (31, 37), (38, 39), (44, 46)]
>>>>>>>>>>>>>>>>>>>>>METHOD: structured
======PARAMS
1e-05
1.15e-05
True
[0, 0, 0.0, 0.0, 0.0, 0.0, 0.0, 0.08333333333333333, 0.08333333333333333, 0.08333333333333333, 0.08333333333333333, 0.08333333333333333]
[0, 0, 0.0, 0.0, 0.0, 0.0, 0.0, 0.16666666666666666, 0.14285714285714285, 0.125, 0.1111111111111111, 0.1]
[(13, 16), (20, 29), (0, 11), (1, 34), (15, 21), (44, 46), (4, 24), (6, 31), (9, 42), (25, 32), (46, 49)]
102.736987665
======PARAMS
2.5e-05
2.875e-05
True
[0, 0, 0.0, 0.0, 0.0, 0.0, 0.0, 0.08333333333333333, 0.08333333333333333, 0.08333333333333333, 0.08333333333333333, 0.08333333333333333]
[0, 0, 0.0, 0.0, 0.0, 0.0, 0.0, 0.16666666666666666, 0.14285714285714285, 0.125, 0.1111111111111111, 0.1]
[(13, 16), (20, 29), (0, 11), (1, 34), (15, 21), (44, 46), (4, 24), (6, 31), (9, 42), (25, 32), (46, 49)]
102.728142531
======PARAMS
5e-05
5.75e-05
True
[0, 0, 0.0, 0.0, 0.0, 0.0, 0.0, 0.08333333333333333, 0.08333333333333333, 0.08333333333333333, 0.08333333333333333, 0.08333333333333333]
[0, 0, 0.0, 0.0, 0.0, 0.0, 0.0, 0.16666666666666666, 0.14285714285714285, 0.125, 0.1111111111111111, 0.1]
[(13, 16), (20, 29), (0, 11), (1, 34), (15, 21), (44, 46), (4, 24), (6, 31), (9, 42), (25, 32), (46, 49)]
102.716681885
======PARAMS
7.5e-05
8.625e-05
True
[0, 0, 0.0, 0.0, 0.0, 0.0, 0.0, 0.08333333333333333, 0.08333333333333333, 0.08333333333333333, 0.08333333333333333, 0.08333333333333333]
[0, 0, 0.0, 0.0, 0.0, 0.0, 0.0, 0.16666666666666666, 0.14285714285714285, 0.125, 0.1111111111111111, 0.1]
[(13, 16), (20, 29), (0, 11), (1, 34), (15, 21), (44, 46), (4, 24), (6, 31), (9, 42), (25, 32), (46, 49)]
102.708010529
======PARAMS
0.0001
0.000115
True
[0, 0, 0.0, 0.0, 0.0, 0.0, 0.0, 0.08333333333333333, 0.08333333333333333, 0.08333333333333333, 0.08333333333333333, 0.08333333333333333]
[0, 0, 0.0, 0.0, 0.0, 0.0, 0.0, 0.16666666666666666, 0.14285714285714285, 0.125, 0.1111111111111111, 0.1]
[(13, 16), (20, 29), (0, 11), (1, 34), (15, 21), (44, 46), (4, 24), (6, 31), (9, 42), (25, 32), (46, 49)]
102.700156829
======PARAMS
0.00025
0.0002875
True
[0, 0, 0.0, 0.0, 0.0, 0.0, 0.0, 0.08333333333333333, 0.08333333333333333, 0.08333333333333333, 0.08333333333333333, 0.08333333333333333]
[0, 0, 0.0, 0.0, 0.0, 0.0, 0.0, 0.16666666666666666, 0.14285714285714285, 0.125, 0.1111111111111111, 0.1]
[(13, 16), (20, 29), (0, 11), (1, 34), (15, 21), (44, 46), (4, 24), (6, 31), (9, 42), (25, 32), (46, 49)]
102.668366711
======PARAMS
0.0005
0.000575
True
[0, 0, 0.0, 0.0, 0.0, 0.0, 0.08333333333333333, 0.08333333333333333, 0.08333333333333333, 0.08333333333333333, 0.08333333333333333, 0.08333333333333333]
[0, 0, 0.0, 0.0, 0.0, 0.0, 0.2, 0.16666666666666666, 0.14285714285714285, 0.125, 0.1111111111111111, 0.1]
[(13, 16), (20, 29), (1, 34), (15, 21), (44, 46), (6, 31), (9, 42), (25, 32), (46, 49), (45, 46), (9, 27)]
103.449208885
======PARAMS
0.00075
0.0008625
True
[0, 0, 0.0, 0.08333333333333333, 0.08333333333333333, 0.08333333333333333, 0.08333333333333333, 0.08333333333333333, 0.08333333333333333, 0.08333333333333333, 0.08333333333333333, 0.08333333333333333]
[0, 0, 0.0, 0.5, 0.3333333333333333, 0.25, 0.2, 0.16666666666666666, 0.14285714285714285, 0.125, 0.1111111111111111, 0.1]
[(13, 16), (44, 46), (9, 27), (7, 28), (3, 18), (5, 28), (24, 27), (17, 19), (26, 42), (7, 14), (6, 9)]
101.47337031
======PARAMS
0.001
0.00115
Average Selection iterations
65.6
SUFFICIENT STATS
1225
Recall
1.0
Precision
0.923076923077
F1-score
0.96
False
[0, 0, 0.08333333333333333, 0.16666666666666666, 0.25, 0.25, 0.3333333333333333, 0.4166666666666667, 0.5, 0.5833333333333334, 0.6666666666666666, 0.75, 0.8333333333333334, 0.9166666666666666, 1.0]
[0, 0, 1.0, 1.0, 1.0, 0.75, 0.8, 0.8333333333333334, 0.8571428571428571, 0.875, 0.8888888888888888, 0.9, 0.9090909090909091, 0.9166666666666666, 0.9230769230769231]
[(44, 46), (19, 32), (10, 15), (2, 11), (38, 39), (1, 17), (4, 11), (31, 37), (18, 45), (12, 29), (2, 4), (23, 47), (28, 36)]
87.2585234331
NEW OPT FOUND
(0.00115, 0.001)
OPT reached
OPT PARAMS
0.001
0.00115
>>>>>>>>>>>>>>>>>>>>>METHOD: queue
Average Selection iterations
618.625
SUFFICIENT STATS
1225
Recall
1.0
Precision
0.857142857143
F1-score
0.923076923077
>>>>>>>>>>>>>>>>>>>>>METHOD: naive
Average Selection iterations
76.2666666667
SUFFICIENT STATS
1225
Recall
1.0
Precision
0.923076923077
F1-score
0.96
>>>>>>>>>>>>>>>>>>>>>METHOD: Graft
SUFFICIENT STATS
1225
Recall
1.0
Precision
0.923076923077
F1-score
0.96
[(44, 46), (31, 37), (18, 45), (38, 39), (1, 17), (19, 32), (23, 47), (10, 15), (28, 36), (2, 4), (12, 29), (4, 11), (2, 11)]
[0, 0, 0.08333333333333333, 0.16666666666666666, 0.25, 0.3333333333333333, 0.4166666666666667, 0.5, 0.5833333333333334, 0.6666666666666666, 0.75, 0.8333333333333334, 0.9166666666666666, 1.0, 1.0]
======================================Simulating data...
> Creating model
> Generating data
[0, 1, 2, 3, 4, 5, 6, 7, 8, 9, 10, 11, 12, 13, 14, 15, 16, 17, 18, 19, 20, 21, 22, 23, 24, 25, 26, 27, 28, 29, 30, 31, 32, 33, 34, 35, 36, 37, 38, 39, 40, 41, 42, 43, 44, 45, 46, 47, 48, 49, 50, 51, 52, 53, 54, 55, 56, 57, 58, 59]
{0: 10, 1: 10, 2: 10, 3: 10, 4: 10, 5: 10, 6: 10, 7: 10, 8: 10, 9: 10, 10: 10, 11: 10, 12: 10, 13: 10, 14: 10, 15: 10, 16: 10, 17: 10, 18: 10, 19: 10, 20: 10, 21: 10, 22: 10, 23: 10, 24: 10, 25: 10, 26: 10, 27: 10, 28: 10, 29: 10, 30: 10, 31: 10, 32: 10, 33: 10, 34: 10, 35: 10, 36: 10, 37: 10, 38: 10, 39: 10, 40: 10, 41: 10, 42: 10, 43: 10, 44: 10, 45: 10, 46: 10, 47: 10, 48: 10, 49: 10, 50: 10, 51: 10, 52: 10, 53: 10, 54: 10, 55: 10, 56: 10, 57: 10, 58: 10, 59: 10}
10
NUM VARIABLES
60
NUM EDGES
14
EDGES
[(1, 9), (4, 22), (4, 25), (8, 34), (10, 44), (13, 21), (13, 27), (18, 25), (19, 42), (25, 46), (27, 35), (35, 55), (41, 42), (42, 44)]
>>>>>>>>>>>>>>>>>>>>>METHOD: structured
======PARAMS
1e-05
1.15e-05
True
[0, 0, 0.0, 0.0, 0.0, 0.0, 0.0, 0.0, 0.0, 0.0, 0.0, 0.0]
[0, 0, 0.0, 0.0, 0.0, 0.0, 0.0, 0.0, 0.0, 0.0, 0.0, 0.0]
[(13, 38), (18, 47), (10, 52), (3, 49), (10, 15), (12, 35), (23, 43), (2, 21), (15, 40), (44, 54), (14, 33)]
120.587951552
======PARAMS
2.5e-05
2.875e-05
True
[0, 0, 0.0, 0.0, 0.0, 0.0, 0.0, 0.0, 0.0, 0.0, 0.0, 0.0]
[0, 0, 0.0, 0.0, 0.0, 0.0, 0.0, 0.0, 0.0, 0.0, 0.0, 0.0]
[(13, 38), (18, 47), (10, 52), (3, 49), (10, 15), (12, 35), (23, 43), (2, 21), (15, 40), (44, 54), (14, 33)]
120.574868182
======PARAMS
5e-05
5.75e-05
True
[0, 0, 0.0, 0.0, 0.0, 0.0, 0.0, 0.0, 0.0, 0.0, 0.0, 0.0]
[0, 0, 0.0, 0.0, 0.0, 0.0, 0.0, 0.0, 0.0, 0.0, 0.0, 0.0]
[(13, 38), (18, 47), (10, 52), (3, 49), (10, 15), (12, 35), (23, 43), (2, 21), (15, 40), (44, 54), (14, 33)]
120.561180767
======PARAMS
7.5e-05
8.625e-05
True
[0, 0, 0.0, 0.0, 0.0, 0.0, 0.0, 0.0, 0.0, 0.0, 0.0, 0.0]
[0, 0, 0.0, 0.0, 0.0, 0.0, 0.0, 0.0, 0.0, 0.0, 0.0, 0.0]
[(13, 38), (18, 47), (10, 52), (3, 49), (10, 15), (12, 35), (23, 43), (2, 21), (15, 40), (44, 54), (14, 33)]
120.551288043
======PARAMS
0.0001
0.000115
True
[0, 0, 0.0, 0.0, 0.0, 0.0, 0.0, 0.0, 0.0, 0.0, 0.0, 0.0]
[0, 0, 0.0, 0.0, 0.0, 0.0, 0.0, 0.0, 0.0, 0.0, 0.0, 0.0]
[(13, 38), (18, 47), (10, 52), (3, 49), (10, 15), (12, 35), (23, 43), (2, 21), (15, 40), (44, 54), (14, 33)]
120.543741763
======PARAMS
0.00025
0.0002875
True
[0, 0, 0.0, 0.0, 0.0, 0.0, 0.0, 0.0, 0.0, 0.0, 0.0, 0.0]
[0, 0, 0.0, 0.0, 0.0, 0.0, 0.0, 0.0, 0.0, 0.0, 0.0, 0.0]
[(18, 47), (10, 52), (3, 49), (10, 15), (23, 43), (2, 21), (15, 40), (44, 54), (14, 33), (18, 20), (18, 52)]
120.862410657
======PARAMS
0.0005
0.000575
True
[0, 0, 0.0, 0.0, 0.0, 0.0, 0.0, 0.0, 0.0, 0.0, 0.0, 0.0]
[0, 0, 0.0, 0.0, 0.0, 0.0, 0.0, 0.0, 0.0, 0.0, 0.0, 0.0]
[(18, 47), (3, 49), (10, 15), (23, 43), (15, 40), (14, 33), (18, 20), (18, 52), (21, 36), (12, 45), (25, 46)]
120.296932731
======PARAMS
0.00075
0.0008625
Average Selection iterations
58.1860465116
SUFFICIENT STATS
1770
Recall
1.0
Precision
0.341463414634
F1-score
0.509090909091
False
[0, 0, 0.0, 0.07142857142857142, 0.07142857142857142, 0.07142857142857142, 0.07142857142857142, 0.14285714285714285, 0.21428571428571427, 0.2857142857142857, 0.35714285714285715, 0.35714285714285715, 0.35714285714285715, 0.35714285714285715, 0.35714285714285715, 0.35714285714285715, 0.42857142857142855, 0.42857142857142855, 0.42857142857142855, 0.42857142857142855, 0.5, 0.5, 0.5, 0.5, 0.5, 0.5, 0.5714285714285714, 0.5714285714285714, 0.5714285714285714, 0.6428571428571429, 0.7142857142857143, 0.7142857142857143, 0.7142857142857143, 0.7142857142857143, 0.7142857142857143, 0.7142857142857143, 0.7142857142857143, 0.7857142857142857, 0.8571428571428571, 0.9285714285714286, 0.9285714285714286, 0.9285714285714286, 1.0]
[0, 0, 0.0, 0.5, 0.3333333333333333, 0.25, 0.2, 0.3333333333333333, 0.42857142857142855, 0.5, 0.5555555555555556, 0.5, 0.45454545454545453, 0.4166666666666667, 0.38461538461538464, 0.35714285714285715, 0.4, 0.375, 0.35294117647058826, 0.3333333333333333, 0.3684210526315789, 0.35, 0.3333333333333333, 0.3181818181818182, 0.30434782608695654, 0.2916666666666667, 0.32, 0.3076923076923077, 0.2962962962962963, 0.32142857142857145, 0.3448275862068966, 0.3333333333333333, 0.3225806451612903, 0.3125, 0.30303030303030304, 0.29411764705882354, 0.2857142857142857, 0.3055555555555556, 0.32432432432432434, 0.34210526315789475, 0.3333333333333333, 0.325, 0.34146341463414637]
[(3, 49), (25, 46), (10, 29), (8, 51), (18, 22), (4, 22), (27, 35), (4, 25), (41, 42), (41, 44), (18, 46), (12, 20), (10, 19), (0, 28), (13, 21), (31, 57), (28, 58), (11, 53), (1, 9), (4, 52), (4, 46), (15, 26), (22, 46), (18, 41), (19, 42), (22, 25), (19, 44), (18, 25), (42, 44), (4, 42), (19, 41), (10, 41), (37, 58), (4, 18), (41, 45), (13, 27), (35, 55), (8, 34), (49, 52), (10, 42), (10, 44)]
130.711981537
NEW OPT FOUND
(0.0008625, 0.00075)
======PARAMS
0.001
0.00115
Average Selection iterations
53.9642857143
SUFFICIENT STATS
1770
Recall
1.0
Precision
0.538461538462
F1-score
0.7
False
[0, 0, 0.07142857142857142, 0.07142857142857142, 0.14285714285714285, 0.21428571428571427, 0.2857142857142857, 0.35714285714285715, 0.42857142857142855, 0.42857142857142855, 0.42857142857142855, 0.42857142857142855, 0.42857142857142855, 0.5, 0.5714285714285714, 0.5714285714285714, 0.5714285714285714, 0.6428571428571429, 0.6428571428571429, 0.6428571428571429, 0.7142857142857143, 0.7857142857142857, 0.8571428571428571, 0.8571428571428571, 0.8571428571428571, 0.8571428571428571, 0.9285714285714286, 1.0]
[0, 0, 1.0, 0.5, 0.6666666666666666, 0.75, 0.8, 0.8333333333333334, 0.8571428571428571, 0.75, 0.6666666666666666, 0.6, 0.5454545454545454, 0.5833333333333334, 0.6153846153846154, 0.5714285714285714, 0.5333333333333333, 0.5625, 0.5294117647058824, 0.5, 0.5263157894736842, 0.55, 0.5714285714285714, 0.5454545454545454, 0.5217391304347826, 0.5, 0.52, 0.5384615384615384]
[(25, 46), (18, 22), (4, 25), (4, 22), (27, 35), (10, 44), (41, 42), (41, 44), (18, 46), (10, 41), (10, 19), (13, 21), (1, 9), (4, 46), (22, 46), (19, 42), (22, 25), (19, 44), (18, 25), (8, 34), (42, 44), (10, 42), (19, 41), (4, 18), (13, 27), (35, 55)]
126.318059298
NEW OPT FOUND
(0.00115, 0.001)
======PARAMS
0.0025
0.002875
Average Selection iterations
58.3846153846
SUFFICIENT STATS
1770
Recall
0.857142857143
Precision
0.5
F1-score
0.631578947368
False
[0, 0, 0.07142857142857142, 0.07142857142857142, 0.14285714285714285, 0.21428571428571427, 0.2857142857142857, 0.35714285714285715, 0.35714285714285715, 0.35714285714285715, 0.35714285714285715, 0.35714285714285715, 0.42857142857142855, 0.5, 0.5, 0.5, 0.5714285714285714, 0.5714285714285714, 0.5714285714285714, 0.6428571428571429, 0.7142857142857143, 0.7857142857142857, 0.7857142857142857, 0.7857142857142857, 0.8571428571428571, 0.8571428571428571]
[0, 0, 1.0, 0.5, 0.6666666666666666, 0.75, 0.8, 0.8333333333333334, 0.7142857142857143, 0.625, 0.5555555555555556, 0.5, 0.5454545454545454, 0.5833333333333334, 0.5384615384615384, 0.5, 0.5333333333333333, 0.5, 0.47058823529411764, 0.5, 0.5263157894736842, 0.55, 0.5238095238095238, 0.5, 0.5217391304347826, 0.5]
[(25, 46), (18, 22), (4, 25), (4, 22), (10, 44), (41, 42), (41, 44), (18, 46), (10, 41), (10, 19), (13, 21), (1, 9), (4, 46), (22, 46), (19, 42), (22, 25), (19, 44), (18, 25), (8, 34), (42, 44), (10, 42), (19, 41), (35, 55), (4, 18)]
127.035766978
======PARAMS
0.005
0.00575
Average Selection iterations
61.32
SUFFICIENT STATS
1770
Recall
0.785714285714
Precision
0.478260869565
F1-score
0.594594594595
False
[0, 0, 0.07142857142857142, 0.07142857142857142, 0.14285714285714285, 0.21428571428571427, 0.2857142857142857, 0.35714285714285715, 0.35714285714285715, 0.35714285714285715, 0.35714285714285715, 0.35714285714285715, 0.42857142857142855, 0.42857142857142855, 0.42857142857142855, 0.5, 0.5, 0.5, 0.5714285714285714, 0.6428571428571429, 0.7142857142857143, 0.7142857142857143, 0.7142857142857143, 0.7857142857142857, 0.7857142857142857]
[0, 0, 1.0, 0.5, 0.6666666666666666, 0.75, 0.8, 0.8333333333333334, 0.7142857142857143, 0.625, 0.5555555555555556, 0.5, 0.5454545454545454, 0.5, 0.46153846153846156, 0.5, 0.4666666666666667, 0.4375, 0.47058823529411764, 0.5, 0.5263157894736842, 0.5, 0.47619047619047616, 0.5, 0.4782608695652174]
[(25, 46), (18, 22), (4, 25), (4, 22), (10, 44), (41, 42), (41, 44), (18, 46), (10, 41), (10, 19), (1, 9), (4, 46), (22, 46), (19, 42), (22, 25), (19, 44), (18, 25), (8, 34), (42, 44), (10, 42), (19, 41), (35, 55), (4, 18)]
127.767381919
======PARAMS
0.0075
0.008625
Average Selection iterations
61.32
SUFFICIENT STATS
1770
Recall
0.785714285714
Precision
0.478260869565
F1-score
0.594594594595
False
[0, 0, 0.07142857142857142, 0.07142857142857142, 0.14285714285714285, 0.21428571428571427, 0.2857142857142857, 0.35714285714285715, 0.35714285714285715, 0.35714285714285715, 0.35714285714285715, 0.35714285714285715, 0.42857142857142855, 0.42857142857142855, 0.42857142857142855, 0.5, 0.5, 0.5, 0.5714285714285714, 0.6428571428571429, 0.7142857142857143, 0.7142857142857143, 0.7142857142857143, 0.7857142857142857, 0.7857142857142857]
[0, 0, 1.0, 0.5, 0.6666666666666666, 0.75, 0.8, 0.8333333333333334, 0.7142857142857143, 0.625, 0.5555555555555556, 0.5, 0.5454545454545454, 0.5, 0.46153846153846156, 0.5, 0.4666666666666667, 0.4375, 0.47058823529411764, 0.5, 0.5263157894736842, 0.5, 0.47619047619047616, 0.5, 0.4782608695652174]
[(25, 46), (18, 22), (4, 25), (4, 22), (10, 44), (41, 42), (41, 44), (18, 46), (10, 41), (10, 19), (1, 9), (4, 46), (22, 46), (19, 42), (22, 25), (19, 44), (18, 25), (8, 34), (42, 44), (10, 42), (19, 41), (35, 55), (4, 18)]
129.425108063
======PARAMS
0.01
0.0115
Average Selection iterations
69.6818181818
SUFFICIENT STATS
1770
Recall
0.714285714286
Precision
0.5
F1-score
0.588235294118
False
[0, 0, 0.07142857142857142, 0.07142857142857142, 0.14285714285714285, 0.21428571428571427, 0.2857142857142857, 0.35714285714285715, 0.35714285714285715, 0.35714285714285715, 0.35714285714285715, 0.35714285714285715, 0.42857142857142855, 0.5, 0.5, 0.5, 0.5714285714285714, 0.6428571428571429, 0.7142857142857143, 0.7142857142857143, 0.7142857142857143, 0.7142857142857143]
[0, 0, 1.0, 0.5, 0.6666666666666666, 0.75, 0.8, 0.8333333333333334, 0.7142857142857143, 0.625, 0.5555555555555556, 0.5, 0.5454545454545454, 0.5833333333333334, 0.5384615384615384, 0.5, 0.5333333333333333, 0.5625, 0.5882352941176471, 0.5555555555555556, 0.5263157894736842, 0.5]
[(25, 46), (18, 22), (4, 25), (4, 22), (10, 44), (41, 42), (41, 44), (18, 46), (10, 41), (10, 19), (1, 9), (19, 42), (22, 25), (19, 44), (18, 25), (8, 34), (42, 44), (10, 42), (19, 41), (4, 18)]
127.548848424
======PARAMS
0.025
0.02875
Average Selection iterations
184.0
SUFFICIENT STATS
1770
Recall
0.428571428571
Precision
0.857142857143
F1-score
0.571428571429
False
[0, 0, 0.07142857142857142, 0.14285714285714285, 0.21428571428571427, 0.2857142857142857, 0.35714285714285715, 0.42857142857142855, 0.42857142857142855]
[0, 0, 1.0, 1.0, 1.0, 1.0, 1.0, 1.0, 0.8571428571428571]
[(10, 44), (19, 42), (4, 22), (1, 9), (18, 25), (42, 44), (19, 44)]
121.254741976
======PARAMS
0.05
0.0575
Average Selection iterations
0.0
SUFFICIENT STATS
1770
Recall
0
Precision
0
F1-score
0
False
[0, 0]
[0, 0]
[]
120.002907444
======PARAMS
0.075
0.08625
Average Selection iterations
0.0
SUFFICIENT STATS
1770
Recall
0
Precision
0
F1-score
0
False
[0, 0]
[0, 0]
[]
121.88858227
======PARAMS
0.1
0.115
Average Selection iterations
0.0
SUFFICIENT STATS
1770
Recall
0
Precision
0
F1-score
0
False
[0, 0]
[0, 0]
[]
124.704283988
======PARAMS
0.25
0.2875
Average Selection iterations
0.0
SUFFICIENT STATS
1770
Recall
0
Precision
0
F1-score
0
False
[0, 0]
[0, 0]
[]
135.902638931
======PARAMS
0.5
0.575
Average Selection iterations
0.0
SUFFICIENT STATS
1770
Recall
0
Precision
0
F1-score
0
False
[0, 0]
[0, 0]
[]
137.589640925
======PARAMS
0.75
0.8625
Average Selection iterations
0.0
SUFFICIENT STATS
1770
Recall
0
Precision
0
F1-score
0
False
[0, 0]
[0, 0]
[]
138.155105124
======PARAMS
1
1.15
Average Selection iterations
0.0
SUFFICIENT STATS
1770
Recall
0
Precision
0
F1-score
0
False
[0, 0]
[0, 0]
[]
138.155105274
>>>>>>>>>>>>>>>>>>>>>METHOD: queue
Average Selection iterations
836.535714286
SUFFICIENT STATS
1770
Recall
1.0
Precision
0.538461538462
F1-score
0.7
>>>>>>>>>>>>>>>>>>>>>METHOD: naive
Average Selection iterations
61.1428571429
SUFFICIENT STATS
1770
Recall
1.0
Precision
0.538461538462
F1-score
0.7
>>>>>>>>>>>>>>>>>>>>>METHOD: Graft
SUFFICIENT STATS
1770
Recall
1.0
Precision
0.538461538462
F1-score
0.7
[(4, 22), (18, 25), (19, 42), (1, 9), (42, 44), (4, 25), (19, 44), (10, 44), (8, 34), (10, 42), (22, 25), (41, 42), (10, 19), (25, 46), (4, 18), (19, 41), (41, 44), (18, 22), (18, 46), (10, 41), (4, 46), (22, 46), (35, 55), (13, 21), (27, 35), (13, 27)]
[0, 0, 0.07142857142857142, 0.14285714285714285, 0.21428571428571427, 0.2857142857142857, 0.35714285714285715, 0.42857142857142855, 0.42857142857142855, 0.5, 0.5714285714285714, 0.5714285714285714, 0.5714285714285714, 0.6428571428571429, 0.6428571428571429, 0.7142857142857143, 0.7142857142857143, 0.7142857142857143, 0.7142857142857143, 0.7142857142857143, 0.7142857142857143, 0.7142857142857143, 0.7142857142857143, 0.7142857142857143, 0.7857142857142857, 0.8571428571428571, 0.9285714285714286, 1.0]
======================================Simulating data...
> Creating model
> Generating data
[0, 1, 2, 3, 4, 5, 6, 7, 8, 9, 10, 11, 12, 13, 14, 15, 16, 17, 18, 19, 20, 21, 22, 23, 24, 25, 26, 27, 28, 29, 30, 31, 32, 33, 34, 35, 36, 37, 38, 39, 40, 41, 42, 43, 44, 45, 46, 47, 48, 49, 50, 51, 52, 53, 54, 55, 56, 57, 58, 59, 60, 61, 62, 63, 64, 65, 66, 67, 68, 69]
{0: 10, 1: 10, 2: 10, 3: 10, 4: 10, 5: 10, 6: 10, 7: 10, 8: 10, 9: 10, 10: 10, 11: 10, 12: 10, 13: 10, 14: 10, 15: 10, 16: 10, 17: 10, 18: 10, 19: 10, 20: 10, 21: 10, 22: 10, 23: 10, 24: 10, 25: 10, 26: 10, 27: 10, 28: 10, 29: 10, 30: 10, 31: 10, 32: 10, 33: 10, 34: 10, 35: 10, 36: 10, 37: 10, 38: 10, 39: 10, 40: 10, 41: 10, 42: 10, 43: 10, 44: 10, 45: 10, 46: 10, 47: 10, 48: 10, 49: 10, 50: 10, 51: 10, 52: 10, 53: 10, 54: 10, 55: 10, 56: 10, 57: 10, 58: 10, 59: 10, 60: 10, 61: 10, 62: 10, 63: 10, 64: 10, 65: 10, 66: 10, 67: 10, 68: 10, 69: 10}
10
NUM VARIABLES
70
NUM EDGES
17
EDGES
[(1, 67), (3, 58), (6, 22), (7, 65), (7, 67), (9, 11), (13, 16), (19, 38), (19, 44), (21, 61), (24, 41), (31, 43), (31, 47), (40, 65), (41, 68), (51, 54), (56, 60)]
>>>>>>>>>>>>>>>>>>>>>METHOD: structured
======PARAMS
1e-05
1.15e-05
True
[0, 0, 0.0, 0.0, 0.0, 0.0, 0.0, 0.0, 0.0, 0.0, 0.0, 0.0]
[0, 0, 0.0, 0.0, 0.0, 0.0, 0.0, 0.0, 0.0, 0.0, 0.0, 0.0]
[(6, 13), (32, 34), (8, 68), (13, 20), (5, 40), (26, 29), (3, 54), (3, 36), (54, 57), (2, 36), (34, 52)]
149.640308809
======PARAMS
2.5e-05
2.875e-05
True
[0, 0, 0.0, 0.0, 0.0, 0.0, 0.0, 0.0, 0.0, 0.0, 0.0, 0.0]
[0, 0, 0.0, 0.0, 0.0, 0.0, 0.0, 0.0, 0.0, 0.0, 0.0, 0.0]
[(6, 13), (32, 34), (8, 68), (13, 20), (5, 40), (26, 29), (3, 54), (3, 36), (54, 57), (2, 36), (34, 52)]
149.631967072
======PARAMS
5e-05
5.75e-05
True
[0, 0, 0.0, 0.0, 0.0, 0.0, 0.0, 0.0, 0.0, 0.0, 0.0, 0.0]
[0, 0, 0.0, 0.0, 0.0, 0.0, 0.0, 0.0, 0.0, 0.0, 0.0, 0.0]
[(6, 13), (32, 34), (8, 68), (13, 20), (5, 40), (26, 29), (3, 54), (3, 36), (54, 57), (2, 36), (34, 52)]
149.621654712
======PARAMS
7.5e-05
8.625e-05
True
[0, 0, 0.0, 0.0, 0.0, 0.0, 0.0, 0.0, 0.0, 0.0, 0.0, 0.0]
[0, 0, 0.0, 0.0, 0.0, 0.0, 0.0, 0.0, 0.0, 0.0, 0.0, 0.0]
[(6, 13), (32, 34), (8, 68), (13, 20), (5, 40), (26, 29), (3, 54), (3, 36), (54, 57), (2, 36), (34, 52)]
149.612944229
======PARAMS
0.0001
0.000115
True
[0, 0, 0.0, 0.0, 0.0, 0.0, 0.0, 0.0, 0.0, 0.0, 0.0, 0.0]
[0, 0, 0.0, 0.0, 0.0, 0.0, 0.0, 0.0, 0.0, 0.0, 0.0, 0.0]
[(6, 13), (32, 34), (8, 68), (13, 20), (5, 40), (26, 29), (3, 54), (3, 36), (54, 57), (2, 36), (34, 52)]
149.605134542
======PARAMS
0.00025
0.0002875
True
[0, 0, 0.0, 0.0, 0.0, 0.0, 0.0, 0.0, 0.0, 0.0, 0.0, 0.0]
[0, 0, 0.0, 0.0, 0.0, 0.0, 0.0, 0.0, 0.0, 0.0, 0.0, 0.0]
[(6, 13), (32, 34), (8, 68), (13, 20), (5, 40), (26, 29), (3, 54), (3, 36), (54, 57), (2, 36), (34, 52)]
149.570062694
======PARAMS
0.0005
0.000575
True
[0, 0, 0.0, 0.0, 0.0, 0.0, 0.0, 0.0, 0.0, 0.0, 0.0, 0.0]
[0, 0, 0.0, 0.0, 0.0, 0.0, 0.0, 0.0, 0.0, 0.0, 0.0, 0.0]
[(32, 34), (8, 68), (5, 40), (26, 29), (54, 57), (2, 36), (7, 13), (11, 41), (61, 65), (21, 31), (17, 32)]
148.197954087
======PARAMS
0.00075
0.0008625
Average Selection iterations
94.8378378378
SUFFICIENT STATS
2415
Recall
1.0
Precision
0.485714285714
F1-score
0.653846153846
False
[0, 0, 0.058823529411764705, 0.058823529411764705, 0.058823529411764705, 0.058823529411764705, 0.058823529411764705, 0.058823529411764705, 0.11764705882352941, 0.17647058823529413, 0.23529411764705882, 0.23529411764705882, 0.29411764705882354, 0.35294117647058826, 0.4117647058823529, 0.4117647058823529, 0.4117647058823529, 0.47058823529411764, 0.47058823529411764, 0.5294117647058824, 0.5294117647058824, 0.5882352941176471, 0.6470588235294118, 0.7058823529411765, 0.7058823529411765, 0.7058823529411765, 0.7647058823529411, 0.7647058823529411, 0.7647058823529411, 0.8235294117647058, 0.8235294117647058, 0.8823529411764706, 0.9411764705882353, 1.0, 1.0, 1.0, 1.0]
[0, 0, 1.0, 0.5, 0.3333333333333333, 0.25, 0.2, 0.16666666666666666, 0.2857142857142857, 0.375, 0.4444444444444444, 0.4, 0.45454545454545453, 0.5, 0.5384615384615384, 0.5, 0.4666666666666667, 0.5, 0.47058823529411764, 0.5, 0.47368421052631576, 0.5, 0.5238095238095238, 0.5454545454545454, 0.5217391304347826, 0.5, 0.52, 0.5, 0.48148148148148145, 0.5, 0.4827586206896552, 0.5, 0.5161290322580645, 0.53125, 0.5151515151515151, 0.5, 0.4857142857142857]
[(3, 58), (31, 67), (1, 31), (11, 61), (43, 67), (63, 69), (31, 43), (41, 68), (31, 47), (38, 44), (19, 44), (7, 65), (21, 61), (43, 47), (1, 65), (9, 11), (47, 67), (1, 67), (9, 59), (56, 60), (51, 54), (19, 38), (24, 68), (1, 7), (24, 41), (1, 47), (21, 56), (6, 22), (7, 40), (13, 16), (40, 65), (7, 67), (40, 67), (65, 67), (1, 40)]
141.197658412
NEW OPT FOUND
(0.0008625, 0.00075)
======PARAMS
0.001
0.00115
Average Selection iterations
73.0357142857
SUFFICIENT STATS
2415
Recall
1.0
Precision
0.653846153846
F1-score
0.790697674419
False
[0, 0, 0.058823529411764705, 0.11764705882352941, 0.17647058823529413, 0.23529411764705882, 0.29411764705882354, 0.35294117647058826, 0.35294117647058826, 0.4117647058823529, 0.4117647058823529, 0.4117647058823529, 0.4117647058823529, 0.47058823529411764, 0.5294117647058824, 0.5882352941176471, 0.6470588235294118, 0.7058823529411765, 0.7058823529411765, 0.7058823529411765, 0.7647058823529411, 0.7647058823529411, 0.8235294117647058, 0.8235294117647058, 0.8235294117647058, 0.8823529411764706, 0.9411764705882353, 1.0]
[0, 0, 1.0, 1.0, 1.0, 1.0, 1.0, 1.0, 0.8571428571428571, 0.875, 0.7777777777777778, 0.7, 0.6363636363636364, 0.6666666666666666, 0.6923076923076923, 0.7142857142857143, 0.7333333333333333, 0.75, 0.7058823529411765, 0.6666666666666666, 0.6842105263157895, 0.65, 0.6666666666666666, 0.6363636363636364, 0.6086956521739131, 0.625, 0.64, 0.6538461538461539]
[(3, 58), (31, 47), (31, 43), (19, 44), (7, 65), (41, 68), (38, 44), (21, 61), (1, 40), (43, 47), (1, 65), (56, 60), (9, 11), (1, 67), (51, 54), (19, 38), (24, 68), (1, 7), (24, 41), (65, 67), (6, 22), (7, 40), (40, 67), (13, 16), (40, 65), (7, 67)]
134.427011761
NEW OPT FOUND
(0.00115, 0.001)
======PARAMS
0.0025
0.002875
Average Selection iterations
73.0357142857
SUFFICIENT STATS
2415
Recall
1.0
Precision
0.653846153846
F1-score
0.790697674419
False
[0, 0, 0.058823529411764705, 0.11764705882352941, 0.17647058823529413, 0.23529411764705882, 0.29411764705882354, 0.35294117647058826, 0.35294117647058826, 0.4117647058823529, 0.4117647058823529, 0.4117647058823529, 0.4117647058823529, 0.47058823529411764, 0.5294117647058824, 0.5882352941176471, 0.6470588235294118, 0.7058823529411765, 0.7058823529411765, 0.7058823529411765, 0.7647058823529411, 0.7647058823529411, 0.8235294117647058, 0.8235294117647058, 0.8235294117647058, 0.8823529411764706, 0.9411764705882353, 1.0]
[0, 0, 1.0, 1.0, 1.0, 1.0, 1.0, 1.0, 0.8571428571428571, 0.875, 0.7777777777777778, 0.7, 0.6363636363636364, 0.6666666666666666, 0.6923076923076923, 0.7142857142857143, 0.7333333333333333, 0.75, 0.7058823529411765, 0.6666666666666666, 0.6842105263157895, 0.65, 0.6666666666666666, 0.6363636363636364, 0.6086956521739131, 0.625, 0.64, 0.6538461538461539]
[(3, 58), (31, 47), (31, 43), (19, 44), (7, 65), (41, 68), (38, 44), (21, 61), (1, 40), (43, 47), (1, 65), (56, 60), (9, 11), (1, 67), (51, 54), (19, 38), (24, 68), (1, 7), (24, 41), (65, 67), (6, 22), (7, 40), (40, 67), (13, 16), (40, 65), (7, 67)]
135.772903534
======PARAMS
0.005
0.00575
Average Selection iterations
73.0357142857
SUFFICIENT STATS
2415
Recall
1.0
Precision
0.653846153846
F1-score
0.790697674419
False
[0, 0, 0.058823529411764705, 0.11764705882352941, 0.17647058823529413, 0.23529411764705882, 0.29411764705882354, 0.35294117647058826, 0.35294117647058826, 0.4117647058823529, 0.4117647058823529, 0.4117647058823529, 0.4117647058823529, 0.47058823529411764, 0.5294117647058824, 0.5882352941176471, 0.6470588235294118, 0.7058823529411765, 0.7058823529411765, 0.7058823529411765, 0.7647058823529411, 0.7647058823529411, 0.8235294117647058, 0.8235294117647058, 0.8235294117647058, 0.8823529411764706, 0.9411764705882353, 1.0]
[0, 0, 1.0, 1.0, 1.0, 1.0, 1.0, 1.0, 0.8571428571428571, 0.875, 0.7777777777777778, 0.7, 0.6363636363636364, 0.6666666666666666, 0.6923076923076923, 0.7142857142857143, 0.7333333333333333, 0.75, 0.7058823529411765, 0.6666666666666666, 0.6842105263157895, 0.65, 0.6666666666666666, 0.6363636363636364, 0.6086956521739131, 0.625, 0.64, 0.6538461538461539]
[(3, 58), (31, 47), (31, 43), (19, 44), (7, 65), (41, 68), (38, 44), (21, 61), (1, 40), (43, 47), (1, 65), (56, 60), (9, 11), (1, 67), (51, 54), (19, 38), (24, 68), (1, 7), (24, 41), (65, 67), (6, 22), (7, 40), (40, 67), (13, 16), (40, 65), (7, 67)]
137.888283885
======PARAMS
0.0075
0.008625
Average Selection iterations
79.5
SUFFICIENT STATS
2415
Recall
1.0
Precision
0.708333333333
F1-score
0.829268292683
False
[0, 0, 0.058823529411764705, 0.11764705882352941, 0.17647058823529413, 0.23529411764705882, 0.29411764705882354, 0.35294117647058826, 0.35294117647058826, 0.4117647058823529, 0.4117647058823529, 0.4117647058823529, 0.47058823529411764, 0.5294117647058824, 0.5882352941176471, 0.6470588235294118, 0.7058823529411765, 0.7058823529411765, 0.7058823529411765, 0.7647058823529411, 0.7647058823529411, 0.8235294117647058, 0.8235294117647058, 0.8823529411764706, 0.9411764705882353, 1.0]
[0, 0, 1.0, 1.0, 1.0, 1.0, 1.0, 1.0, 0.8571428571428571, 0.875, 0.7777777777777778, 0.7, 0.7272727272727273, 0.75, 0.7692307692307693, 0.7857142857142857, 0.8, 0.75, 0.7058823529411765, 0.7222222222222222, 0.6842105263157895, 0.7, 0.6666666666666666, 0.6818181818181818, 0.6956521739130435, 0.7083333333333334]
[(3, 58), (31, 47), (31, 43), (19, 44), (7, 65), (41, 68), (38, 44), (21, 61), (1, 65), (43, 47), (56, 60), (9, 11), (51, 54), (1, 67), (19, 38), (24, 68), (1, 7), (24, 41), (65, 67), (6, 22), (7, 40), (13, 16), (40, 65), (7, 67)]
138.366697922
NEW OPT FOUND
(0.008624999999999999, 0.0075)
OPT reached
OPT PARAMS
0.0075
0.008625
>>>>>>>>>>>>>>>>>>>>>METHOD: queue
Average Selection iterations
1329.23076923
SUFFICIENT STATS
2415
Recall
1.0
Precision
0.708333333333
F1-score
0.829268292683
>>>>>>>>>>>>>>>>>>>>>METHOD: naive
Average Selection iterations
92.3461538462
SUFFICIENT STATS
2415
Recall
1.0
Precision
0.708333333333
F1-score
0.829268292683
>>>>>>>>>>>>>>>>>>>>>METHOD: Graft
SUFFICIENT STATS
2415
Recall
1.0
Precision
0.708333333333
F1-score
0.829268292683
[(24, 41), (1, 67), (31, 47), (41, 68), (7, 67), (19, 44), (56, 60), (1, 7), (31, 43), (3, 58), (24, 68), (21, 61), (51, 54), (43, 47), (19, 38), (9, 11), (13, 16), (40, 65), (6, 22), (38, 44), (7, 65), (65, 67), (1, 65), (7, 40)]
[0, 0, 0.058823529411764705, 0.11764705882352941, 0.17647058823529413, 0.23529411764705882, 0.29411764705882354, 0.35294117647058826, 0.4117647058823529, 0.4117647058823529, 0.47058823529411764, 0.5294117647058824, 0.5294117647058824, 0.5882352941176471, 0.6470588235294118, 0.6470588235294118, 0.7058823529411765, 0.7647058823529411, 0.8235294117647058, 0.8823529411764706, 0.9411764705882353, 0.9411764705882353, 1.0, 1.0, 1.0, 1.0]
======================================Simulating data...
> Creating model
> Generating data
[0, 1, 2, 3, 4, 5, 6, 7, 8, 9, 10, 11, 12, 13, 14, 15, 16, 17, 18, 19, 20, 21, 22, 23, 24, 25, 26, 27, 28, 29, 30, 31, 32, 33, 34, 35, 36, 37, 38, 39, 40, 41, 42, 43, 44, 45, 46, 47, 48, 49, 50, 51, 52, 53, 54, 55, 56, 57, 58, 59, 60, 61, 62, 63, 64, 65, 66, 67, 68, 69, 70, 71, 72, 73, 74, 75, 76, 77, 78, 79]
{0: 10, 1: 10, 2: 10, 3: 10, 4: 10, 5: 10, 6: 10, 7: 10, 8: 10, 9: 10, 10: 10, 11: 10, 12: 10, 13: 10, 14: 10, 15: 10, 16: 10, 17: 10, 18: 10, 19: 10, 20: 10, 21: 10, 22: 10, 23: 10, 24: 10, 25: 10, 26: 10, 27: 10, 28: 10, 29: 10, 30: 10, 31: 10, 32: 10, 33: 10, 34: 10, 35: 10, 36: 10, 37: 10, 38: 10, 39: 10, 40: 10, 41: 10, 42: 10, 43: 10, 44: 10, 45: 10, 46: 10, 47: 10, 48: 10, 49: 10, 50: 10, 51: 10, 52: 10, 53: 10, 54: 10, 55: 10, 56: 10, 57: 10, 58: 10, 59: 10, 60: 10, 61: 10, 62: 10, 63: 10, 64: 10, 65: 10, 66: 10, 67: 10, 68: 10, 69: 10, 70: 10, 71: 10, 72: 10, 73: 10, 74: 10, 75: 10, 76: 10, 77: 10, 78: 10, 79: 10}
10
NUM VARIABLES
80
NUM EDGES
19
EDGES
[(3, 70), (6, 24), (7, 9), (7, 73), (8, 38), (14, 48), (17, 79), (24, 44), (28, 59), (31, 40), (31, 60), (35, 37), (36, 67), (41, 53), (46, 58), (46, 60), (46, 68), (54, 55), (56, 79)]
>>>>>>>>>>>>>>>>>>>>>METHOD: structured
======PARAMS
1e-05
1.15e-05
True
[0, 0, 0.0, 0.0, 0.0, 0.0, 0.0, 0.0, 0.0, 0.0, 0.0, 0.0]
[0, 0, 0.0, 0.0, 0.0, 0.0, 0.0, 0.0, 0.0, 0.0, 0.0, 0.0]
[(44, 66), (19, 38), (38, 56), (11, 60), (50, 59), (8, 61), (5, 39), (31, 51), (31, 72), (39, 43), (8, 58)]
157.439605459
======PARAMS
2.5e-05
2.875e-05
True
[0, 0, 0.0, 0.0, 0.0, 0.0, 0.0, 0.0, 0.0, 0.0, 0.0, 0.0]
[0, 0, 0.0, 0.0, 0.0, 0.0, 0.0, 0.0, 0.0, 0.0, 0.0, 0.0]
[(44, 66), (19, 38), (38, 56), (11, 60), (50, 59), (8, 61), (5, 39), (31, 51), (31, 72), (39, 43), (8, 58)]
157.430757999
======PARAMS
5e-05
5.75e-05
True
[0, 0, 0.0, 0.0, 0.0, 0.0, 0.0, 0.0, 0.0, 0.0, 0.0, 0.0]
[0, 0, 0.0, 0.0, 0.0, 0.0, 0.0, 0.0, 0.0, 0.0, 0.0, 0.0]
[(44, 66), (19, 38), (38, 56), (11, 60), (50, 59), (8, 61), (5, 39), (31, 51), (31, 72), (39, 43), (8, 58)]
157.419020841
======PARAMS
7.5e-05
8.625e-05
True
[0, 0, 0.0, 0.0, 0.0, 0.0, 0.0, 0.0, 0.0, 0.0, 0.0, 0.0]
[0, 0, 0.0, 0.0, 0.0, 0.0, 0.0, 0.0, 0.0, 0.0, 0.0, 0.0]
[(44, 66), (19, 38), (38, 56), (11, 60), (50, 59), (8, 61), (5, 39), (31, 51), (31, 72), (39, 43), (8, 58)]
157.408556917
======PARAMS
0.0001
0.000115
True
[0, 0, 0.0, 0.0, 0.0, 0.0, 0.0, 0.0, 0.0, 0.0, 0.0, 0.0]
[0, 0, 0.0, 0.0, 0.0, 0.0, 0.0, 0.0, 0.0, 0.0, 0.0, 0.0]
[(44, 66), (19, 38), (38, 56), (11, 60), (50, 59), (8, 61), (5, 39), (31, 51), (31, 72), (39, 43), (8, 58)]
157.40032315
======PARAMS
0.00025
0.0002875
True
[0, 0, 0.0, 0.0, 0.0, 0.0, 0.0, 0.0, 0.0, 0.0, 0.0, 0.0]
[0, 0, 0.0, 0.0, 0.0, 0.0, 0.0, 0.0, 0.0, 0.0, 0.0, 0.0]
[(44, 66), (19, 38), (38, 56), (11, 60), (50, 59), (8, 61), (5, 39), (31, 51), (31, 72), (39, 43), (8, 58)]
157.361316308
======PARAMS
0.0005
0.000575
True
[0, 0, 0.0, 0.0, 0.0, 0.0, 0.0, 0.0, 0.0, 0.0, 0.0, 0.0]
[0, 0, 0.0, 0.0, 0.0, 0.0, 0.0, 0.0, 0.0, 0.0, 0.0, 0.0]
[(44, 66), (19, 38), (38, 56), (8, 61), (5, 39), (31, 72), (39, 43), (59, 73), (15, 54), (8, 44), (32, 43)]
158.189410175
======PARAMS
0.00075
0.0008625
Average Selection iterations
76.4
SUFFICIENT STATS
3160
Recall
1.0
Precision
0.358490566038
F1-score
0.527777777778
False
[0, 0, 0.05263157894736842, 0.05263157894736842, 0.05263157894736842, 0.05263157894736842, 0.10526315789473684, 0.10526315789473684, 0.10526315789473684, 0.10526315789473684, 0.10526315789473684, 0.15789473684210525, 0.15789473684210525, 0.21052631578947367, 0.21052631578947367, 0.21052631578947367, 0.21052631578947367, 0.21052631578947367, 0.2631578947368421, 0.3157894736842105, 0.3157894736842105, 0.3157894736842105, 0.3684210526315789, 0.3684210526315789, 0.3684210526315789, 0.3684210526315789, 0.3684210526315789, 0.42105263157894735, 0.42105263157894735, 0.47368421052631576, 0.47368421052631576, 0.5263157894736842, 0.5789473684210527, 0.5789473684210527, 0.631578947368421, 0.631578947368421, 0.6842105263157895, 0.6842105263157895, 0.6842105263157895, 0.7368421052631579, 0.7894736842105263, 0.7894736842105263, 0.8421052631578947, 0.8421052631578947, 0.8947368421052632, 0.9473684210526315, 1.0, 1.0, 1.0, 1.0, 1.0, 1.0, 1.0, 1.0, 1.0]
[0, 0, 1.0, 0.5, 0.3333333333333333, 0.25, 0.4, 0.3333333333333333, 0.2857142857142857, 0.25, 0.2222222222222222, 0.3, 0.2727272727272727, 0.3333333333333333, 0.3076923076923077, 0.2857142857142857, 0.26666666666666666, 0.25, 0.29411764705882354, 0.3333333333333333, 0.3157894736842105, 0.3, 0.3333333333333333, 0.3181818181818182, 0.30434782608695654, 0.2916666666666667, 0.28, 0.3076923076923077, 0.2962962962962963, 0.32142857142857145, 0.3103448275862069, 0.3333333333333333, 0.3548387096774194, 0.34375, 0.36363636363636365, 0.35294117647058826, 0.37142857142857144, 0.3611111111111111, 0.35135135135135137, 0.3684210526315789, 0.38461538461538464, 0.375, 0.3902439024390244, 0.38095238095238093, 0.3953488372093023, 0.4090909090909091, 0.4222222222222222, 0.41304347826086957, 0.40425531914893614, 0.3958333333333333, 0.3877551020408163, 0.38, 0.37254901960784315, 0.36538461538461536, 0.3584905660377358]
[(46, 60), (7, 68), (46, 73), (46, 79), (35, 37), (31, 56), (17, 60), (17, 68), (40, 79), (17, 79), (17, 58), (24, 44), (58, 60), (56, 60), (40, 68), (56, 68), (36, 67), (46, 58), (31, 79), (17, 59), (31, 40), (56, 58), (40, 56), (31, 68), (40, 58), (54, 55), (6, 44), (56, 79), (58, 79), (28, 59), (3, 70), (40, 60), (41, 53), (31, 58), (46, 68), (31, 46), (17, 56), (8, 38), (31, 60), (60, 79), (6, 24), (9, 73), (14, 48), (7, 73), (7, 9), (68, 79), (68, 73), (17, 46), (60, 68), (46, 56), (58, 68), (40, 46), (17, 31)]
173.3565455
NEW OPT FOUND
(0.0008625, 0.00075)
======PARAMS
0.001
0.00115
Average Selection iterations
58.3404255319
SUFFICIENT STATS
3160
Recall
1.0
Precision
0.422222222222
F1-score
0.59375
False
[0, 0, 0.05263157894736842, 0.05263157894736842, 0.10526315789473684, 0.10526315789473684, 0.10526315789473684, 0.15789473684210525, 0.21052631578947367, 0.2631578947368421, 0.3157894736842105, 0.3157894736842105, 0.3157894736842105, 0.3157894736842105, 0.3157894736842105, 0.3684210526315789, 0.3684210526315789, 0.42105263157894735, 0.42105263157894735, 0.42105263157894735, 0.42105263157894735, 0.42105263157894735, 0.42105263157894735, 0.47368421052631576, 0.5263157894736842, 0.5789473684210527, 0.631578947368421, 0.6842105263157895, 0.6842105263157895, 0.7368421052631579, 0.7368421052631579, 0.7368421052631579, 0.7368421052631579, 0.7894736842105263, 0.8421052631578947, 0.8421052631578947, 0.8947368421052632, 0.8947368421052632, 0.9473684210526315, 1.0, 1.0, 1.0, 1.0, 1.0, 1.0, 1.0, 1.0]
[0, 0, 1.0, 0.5, 0.6666666666666666, 0.5, 0.4, 0.5, 0.5714285714285714, 0.625, 0.6666666666666666, 0.6, 0.5454545454545454, 0.5, 0.46153846153846156, 0.5, 0.4666666666666667, 0.5, 0.47058823529411764, 0.4444444444444444, 0.42105263157894735, 0.4, 0.38095238095238093, 0.4090909090909091, 0.43478260869565216, 0.4583333333333333, 0.48, 0.5, 0.48148148148148145, 0.5, 0.4827586206896552, 0.4666666666666667, 0.45161290322580644, 0.46875, 0.48484848484848486, 0.47058823529411764, 0.4857142857142857, 0.4722222222222222, 0.4864864864864865, 0.5, 0.48717948717948717, 0.475, 0.4634146341463415, 0.4523809523809524, 0.4418604651162791, 0.4318181818181818, 0.4222222222222222]
[(46, 60), (46, 79), (35, 37), (31, 56), (17, 60), (36, 67), (46, 58), (17, 79), (24, 44), (56, 60), (46, 56), (40, 68), (56, 68), (54, 55), (31, 79), (31, 40), (56, 58), (31, 68), (40, 58), (58, 68), (6, 44), (56, 79), (28, 59), (3, 70), (41, 53), (7, 9), (31, 58), (46, 68), (31, 46), (68, 79), (17, 56), (8, 38), (31, 60), (60, 79), (6, 24), (9, 73), (14, 48), (7, 73), (68, 73), (17, 46), (58, 60), (58, 79), (60, 68), (40, 46), (40, 60)]
164.044213214
NEW OPT FOUND
(0.00115, 0.001)
======PARAMS
0.0025
0.002875
Average Selection iterations
81.0882352941
SUFFICIENT STATS
3160
Recall
1.0
Precision
0.59375
F1-score
0.745098039216
False
[0, 0, 0.05263157894736842, 0.10526315789473684, 0.15789473684210525, 0.21052631578947367, 0.2631578947368421, 0.3157894736842105, 0.3684210526315789, 0.3684210526315789, 0.3684210526315789, 0.42105263157894735, 0.42105263157894735, 0.42105263157894735, 0.42105263157894735, 0.42105263157894735, 0.42105263157894735, 0.47368421052631576, 0.5263157894736842, 0.5789473684210527, 0.5789473684210527, 0.631578947368421, 0.6842105263157895, 0.6842105263157895, 0.7368421052631579, 0.7368421052631579, 0.7368421052631579, 0.7894736842105263, 0.8421052631578947, 0.8421052631578947, 0.8421052631578947, 0.8947368421052632, 0.9473684210526315, 1.0]
[0, 0, 1.0, 1.0, 1.0, 1.0, 1.0, 1.0, 1.0, 0.875, 0.7777777777777778, 0.8, 0.7272727272727273, 0.6666666666666666, 0.6153846153846154, 0.5714285714285714, 0.5333333333333333, 0.5625, 0.5882352941176471, 0.6111111111111112, 0.5789473684210527, 0.6, 0.6190476190476191, 0.5909090909090909, 0.6086956521739131, 0.5833333333333334, 0.56, 0.5769230769230769, 0.5925925925925926, 0.5714285714285714, 0.5517241379310345, 0.5666666666666667, 0.5806451612903226, 0.59375]
[(46, 60), (35, 37), (6, 24), (36, 67), (54, 55), (17, 79), (24, 44), (58, 60), (40, 68), (31, 40), (31, 68), (40, 58), (58, 68), (6, 44), (40, 46), (56, 79), (28, 59), (3, 70), (40, 60), (41, 53), (7, 9), (31, 58), (46, 68), (31, 46), (17, 56), (8, 38), (31, 60), (60, 68), (9, 73), (46, 58), (14, 48), (7, 73)]
155.040378682
NEW OPT FOUND
(0.002875, 0.0025)
======PARAMS
0.005
0.00575
Average Selection iterations
81.0882352941
SUFFICIENT STATS
3160
Recall
1.0
Precision
0.59375
F1-score
0.745098039216
False
[0, 0, 0.05263157894736842, 0.10526315789473684, 0.15789473684210525, 0.21052631578947367, 0.2631578947368421, 0.3157894736842105, 0.3684210526315789, 0.3684210526315789, 0.3684210526315789, 0.42105263157894735, 0.42105263157894735, 0.42105263157894735, 0.42105263157894735, 0.42105263157894735, 0.42105263157894735, 0.47368421052631576, 0.5263157894736842, 0.5789473684210527, 0.5789473684210527, 0.631578947368421, 0.6842105263157895, 0.6842105263157895, 0.7368421052631579, 0.7368421052631579, 0.7368421052631579, 0.7894736842105263, 0.8421052631578947, 0.8421052631578947, 0.8421052631578947, 0.8947368421052632, 0.9473684210526315, 1.0]
[0, 0, 1.0, 1.0, 1.0, 1.0, 1.0, 1.0, 1.0, 0.875, 0.7777777777777778, 0.8, 0.7272727272727273, 0.6666666666666666, 0.6153846153846154, 0.5714285714285714, 0.5333333333333333, 0.5625, 0.5882352941176471, 0.6111111111111112, 0.5789473684210527, 0.6, 0.6190476190476191, 0.5909090909090909, 0.6086956521739131, 0.5833333333333334, 0.56, 0.5769230769230769, 0.5925925925925926, 0.5714285714285714, 0.5517241379310345, 0.5666666666666667, 0.5806451612903226, 0.59375]
[(46, 60), (35, 37), (6, 24), (36, 67), (54, 55), (17, 79), (24, 44), (58, 60), (40, 68), (31, 40), (31, 68), (40, 58), (58, 68), (6, 44), (40, 46), (56, 79), (28, 59), (3, 70), (40, 60), (41, 53), (7, 9), (31, 58), (46, 68), (31, 46), (17, 56), (8, 38), (31, 60), (60, 68), (9, 73), (46, 58), (14, 48), (7, 73)]
157.710467865
======PARAMS
0.0075
0.008625
Average Selection iterations
81.0882352941
SUFFICIENT STATS
3160
Recall
1.0
Precision
0.59375
F1-score
0.745098039216
False
[0, 0, 0.05263157894736842, 0.10526315789473684, 0.15789473684210525, 0.21052631578947367, 0.2631578947368421, 0.3157894736842105, 0.3684210526315789, 0.3684210526315789, 0.3684210526315789, 0.42105263157894735, 0.42105263157894735, 0.42105263157894735, 0.42105263157894735, 0.42105263157894735, 0.42105263157894735, 0.47368421052631576, 0.5263157894736842, 0.5789473684210527, 0.5789473684210527, 0.631578947368421, 0.6842105263157895, 0.6842105263157895, 0.7368421052631579, 0.7368421052631579, 0.7368421052631579, 0.7894736842105263, 0.8421052631578947, 0.8421052631578947, 0.8421052631578947, 0.8947368421052632, 0.9473684210526315, 1.0]
[0, 0, 1.0, 1.0, 1.0, 1.0, 1.0, 1.0, 1.0, 0.875, 0.7777777777777778, 0.8, 0.7272727272727273, 0.6666666666666666, 0.6153846153846154, 0.5714285714285714, 0.5333333333333333, 0.5625, 0.5882352941176471, 0.6111111111111112, 0.5789473684210527, 0.6, 0.6190476190476191, 0.5909090909090909, 0.6086956521739131, 0.5833333333333334, 0.56, 0.5769230769230769, 0.5925925925925926, 0.5714285714285714, 0.5517241379310345, 0.5666666666666667, 0.5806451612903226, 0.59375]
[(46, 60), (35, 37), (6, 24), (36, 67), (54, 55), (17, 79), (24, 44), (58, 60), (40, 68), (31, 40), (31, 68), (40, 58), (58, 68), (6, 44), (40, 46), (56, 79), (28, 59), (3, 70), (40, 60), (41, 53), (7, 9), (31, 58), (46, 68), (31, 46), (17, 56), (8, 38), (31, 60), (60, 68), (9, 73), (46, 58), (14, 48), (7, 73)]
160.2804359
======PARAMS
0.01
0.0115
Average Selection iterations
81.0882352941
SUFFICIENT STATS
3160
Recall
1.0
Precision
0.59375
F1-score
0.745098039216
False
[0, 0, 0.05263157894736842, 0.10526315789473684, 0.15789473684210525, 0.21052631578947367, 0.2631578947368421, 0.3157894736842105, 0.3684210526315789, 0.3684210526315789, 0.3684210526315789, 0.42105263157894735, 0.42105263157894735, 0.42105263157894735, 0.42105263157894735, 0.42105263157894735, 0.42105263157894735, 0.47368421052631576, 0.5263157894736842, 0.5789473684210527, 0.5789473684210527, 0.631578947368421, 0.6842105263157895, 0.6842105263157895, 0.7368421052631579, 0.7368421052631579, 0.7368421052631579, 0.7894736842105263, 0.8421052631578947, 0.8421052631578947, 0.8421052631578947, 0.8947368421052632, 0.9473684210526315, 1.0]
[0, 0, 1.0, 1.0, 1.0, 1.0, 1.0, 1.0, 1.0, 0.875, 0.7777777777777778, 0.8, 0.7272727272727273, 0.6666666666666666, 0.6153846153846154, 0.5714285714285714, 0.5333333333333333, 0.5625, 0.5882352941176471, 0.6111111111111112, 0.5789473684210527, 0.6, 0.6190476190476191, 0.5909090909090909, 0.6086956521739131, 0.5833333333333334, 0.56, 0.5769230769230769, 0.5925925925925926, 0.5714285714285714, 0.5517241379310345, 0.5666666666666667, 0.5806451612903226, 0.59375]
[(46, 60), (35, 37), (6, 24), (36, 67), (54, 55), (17, 79), (24, 44), (58, 60), (40, 68), (31, 40), (31, 68), (40, 58), (58, 68), (6, 44), (40, 46), (56, 79), (28, 59), (3, 70), (40, 60), (41, 53), (7, 9), (31, 58), (46, 68), (31, 46), (17, 56), (8, 38), (31, 60), (60, 68), (9, 73), (46, 58), (14, 48), (7, 73)]
162.44362642
======PARAMS
0.025
0.02875
Average Selection iterations
130.454545455
SUFFICIENT STATS
3160
Recall
0.736842105263
Precision
0.7
F1-score
0.717948717949
False
[0, 0, 0.05263157894736842, 0.10526315789473684, 0.15789473684210525, 0.21052631578947367, 0.2631578947368421, 0.2631578947368421, 0.3157894736842105, 0.3157894736842105, 0.3157894736842105, 0.3684210526315789, 0.42105263157894735, 0.47368421052631576, 0.5263157894736842, 0.5789473684210527, 0.631578947368421, 0.631578947368421, 0.6842105263157895, 0.6842105263157895, 0.7368421052631579, 0.7368421052631579]
[0, 0, 1.0, 1.0, 1.0, 1.0, 1.0, 0.8333333333333334, 0.8571428571428571, 0.75, 0.6666666666666666, 0.7, 0.7272727272727273, 0.75, 0.7692307692307693, 0.7857142857142857, 0.8, 0.75, 0.7647058823529411, 0.7222222222222222, 0.7368421052631579, 0.7]
[(46, 60), (35, 37), (36, 67), (46, 58), (54, 55), (58, 60), (31, 40), (31, 68), (58, 68), (56, 79), (28, 59), (3, 70), (41, 53), (7, 9), (46, 68), (31, 46), (31, 60), (60, 68), (7, 73), (31, 58)]
166.080716207
======PARAMS
0.05
0.0575
Average Selection iterations
0.0
SUFFICIENT STATS
3160
Recall
0
Precision
0
F1-score
0
False
[0, 0]
[0, 0]
[]
157.556236636
======PARAMS
0.075
0.08625
Average Selection iterations
0.0
SUFFICIENT STATS
3160
Recall
0
Precision
0
F1-score
0
False
[0, 0]
[0, 0]
[]
160.910147912
======PARAMS
0.1
0.115
Average Selection iterations
0.0
SUFFICIENT STATS
3160
Recall
0
Precision
0
F1-score
0
False
[0, 0]
[0, 0]
[]
164.955494619
======PARAMS
0.25
0.2875
Average Selection iterations
0.0
SUFFICIENT STATS
3160
Recall
0
Precision
0
F1-score
0
False
[0, 0]
[0, 0]
[]
182.928202628
======PARAMS
0.5
0.575
Average Selection iterations
0.0
SUFFICIENT STATS
3160
Recall
0
Precision
0
F1-score
0
False
[0, 0]
[0, 0]
[]
184.206806604
======PARAMS
0.75
0.8625
Average Selection iterations
0.0
SUFFICIENT STATS
3160
Recall
0
Precision
0
F1-score
0
False
[0, 0]
[0, 0]
[]
184.206060424
======PARAMS
1
1.15
Average Selection iterations
0.0
SUFFICIENT STATS
3160
Recall
0
Precision
0
F1-score
0
False
[0, 0]
[0, 0]
[]
184.206807051
>>>>>>>>>>>>>>>>>>>>>METHOD: queue
Average Selection iterations
1807.20588235
SUFFICIENT STATS
3160
Recall
1.0
Precision
0.59375
F1-score
0.745098039216
>>>>>>>>>>>>>>>>>>>>>METHOD: naive
Average Selection iterations
91.9117647059
SUFFICIENT STATS
3160
Recall
1.0
Precision
0.59375
F1-score
0.745098039216
>>>>>>>>>>>>>>>>>>>>>METHOD: Graft
SUFFICIENT STATS
3160
Recall
1.0
Precision
0.59375
F1-score
0.745098039216
[(7, 73), (46, 68), (46, 58), (56, 79), (58, 68), (46, 60), (54, 55), (60, 68), (31, 60), (36, 67), (31, 46), (3, 70), (58, 60), (31, 68), (28, 59), (7, 9), (8, 38), (31, 58), (31, 40), (17, 79), (9, 73), (40, 60), (17, 56), (40, 46), (35, 37), (40, 68), (6, 24), (40, 58), (41, 53), (14, 48), (24, 44), (6, 44)]
[0, 0, 0.05263157894736842, 0.10526315789473684, 0.15789473684210525, 0.21052631578947367, 0.21052631578947367, 0.2631578947368421, 0.3157894736842105, 0.3157894736842105, 0.3684210526315789, 0.42105263157894735, 0.42105263157894735, 0.47368421052631576, 0.47368421052631576, 0.47368421052631576, 0.5263157894736842, 0.5789473684210527, 0.631578947368421, 0.631578947368421, 0.6842105263157895, 0.7368421052631579, 0.7368421052631579, 0.7368421052631579, 0.7368421052631579, 0.7368421052631579, 0.7894736842105263, 0.7894736842105263, 0.8421052631578947, 0.8421052631578947, 0.8947368421052632, 0.9473684210526315, 1.0, 1.0]
======================================Simulating data...
> Creating model
> Generating data
[0, 1, 2, 3, 4, 5, 6, 7, 8, 9, 10, 11, 12, 13, 14, 15, 16, 17, 18, 19, 20, 21, 22, 23, 24, 25, 26, 27, 28, 29, 30, 31, 32, 33, 34, 35, 36, 37, 38, 39, 40, 41, 42, 43, 44, 45, 46, 47, 48, 49, 50, 51, 52, 53, 54, 55, 56, 57, 58, 59, 60, 61, 62, 63, 64, 65, 66, 67, 68, 69, 70, 71, 72, 73, 74, 75, 76, 77, 78, 79, 80, 81, 82, 83, 84, 85, 86, 87, 88, 89]
{0: 10, 1: 10, 2: 10, 3: 10, 4: 10, 5: 10, 6: 10, 7: 10, 8: 10, 9: 10, 10: 10, 11: 10, 12: 10, 13: 10, 14: 10, 15: 10, 16: 10, 17: 10, 18: 10, 19: 10, 20: 10, 21: 10, 22: 10, 23: 10, 24: 10, 25: 10, 26: 10, 27: 10, 28: 10, 29: 10, 30: 10, 31: 10, 32: 10, 33: 10, 34: 10, 35: 10, 36: 10, 37: 10, 38: 10, 39: 10, 40: 10, 41: 10, 42: 10, 43: 10, 44: 10, 45: 10, 46: 10, 47: 10, 48: 10, 49: 10, 50: 10, 51: 10, 52: 10, 53: 10, 54: 10, 55: 10, 56: 10, 57: 10, 58: 10, 59: 10, 60: 10, 61: 10, 62: 10, 63: 10, 64: 10, 65: 10, 66: 10, 67: 10, 68: 10, 69: 10, 70: 10, 71: 10, 72: 10, 73: 10, 74: 10, 75: 10, 76: 10, 77: 10, 78: 10, 79: 10, 80: 10, 81: 10, 82: 10, 83: 10, 84: 10, 85: 10, 86: 10, 87: 10, 88: 10, 89: 10}
10
NUM VARIABLES
90
NUM EDGES
22
EDGES
[(7, 28), (8, 61), (12, 27), (12, 63), (13, 17), (13, 21), (13, 59), (13, 62), (16, 54), (17, 59), (20, 59), (21, 52), (27, 63), (32, 64), (40, 87), (41, 70), (45, 59), (47, 79), (52, 76), (80, 89), (85, 88), (88, 89)]
>>>>>>>>>>>>>>>>>>>>>METHOD: structured
======PARAMS
1e-05
1.15e-05
True
[0, 0, 0.0, 0.0, 0.0, 0.0, 0.0, 0.0, 0.0, 0.0, 0.0, 0.0]
[0, 0, 0.0, 0.0, 0.0, 0.0, 0.0, 0.0, 0.0, 0.0, 0.0, 0.0]
[(11, 13), (48, 69), (33, 59), (8, 81), (65, 78), (53, 77), (74, 75), (2, 53), (36, 70), (7, 37), (76, 89)]
184.133849797
======PARAMS
2.5e-05
2.875e-05
True
[0, 0, 0.0, 0.0, 0.0, 0.0, 0.0, 0.0, 0.0, 0.0, 0.0, 0.0]
[0, 0, 0.0, 0.0, 0.0, 0.0, 0.0, 0.0, 0.0, 0.0, 0.0, 0.0]
[(11, 13), (48, 69), (33, 59), (8, 81), (65, 78), (53, 77), (74, 75), (2, 53), (36, 70), (7, 37), (76, 89)]
184.127376514
======PARAMS
5e-05
5.75e-05
True
[0, 0, 0.0, 0.0, 0.0, 0.0, 0.0, 0.0, 0.0, 0.0, 0.0, 0.0]
[0, 0, 0.0, 0.0, 0.0, 0.0, 0.0, 0.0, 0.0, 0.0, 0.0, 0.0]
[(11, 13), (48, 69), (33, 59), (8, 81), (65, 78), (53, 77), (74, 75), (2, 53), (36, 70), (7, 37), (76, 89)]
184.118737507
======PARAMS
7.5e-05
8.625e-05
True
[0, 0, 0.0, 0.0, 0.0, 0.0, 0.0, 0.0, 0.0, 0.0, 0.0, 0.0]
[0, 0, 0.0, 0.0, 0.0, 0.0, 0.0, 0.0, 0.0, 0.0, 0.0, 0.0]
[(11, 13), (48, 69), (33, 59), (8, 81), (65, 78), (53, 77), (74, 75), (2, 53), (36, 70), (7, 37), (76, 89)]
184.111867912
======PARAMS
0.0001
0.000115
True
[0, 0, 0.0, 0.0, 0.0, 0.0, 0.0, 0.0, 0.0, 0.0, 0.0, 0.0]
[0, 0, 0.0, 0.0, 0.0, 0.0, 0.0, 0.0, 0.0, 0.0, 0.0, 0.0]
[(11, 13), (48, 69), (33, 59), (8, 81), (65, 78), (53, 77), (74, 75), (2, 53), (36, 70), (7, 37), (76, 89)]
184.105145488
======PARAMS
0.00025
0.0002875
True
[0, 0, 0.0, 0.0, 0.0, 0.0, 0.0, 0.0, 0.0, 0.0, 0.0, 0.0]
[0, 0, 0.0, 0.0, 0.0, 0.0, 0.0, 0.0, 0.0, 0.0, 0.0, 0.0]
[(11, 13), (48, 69), (8, 81), (65, 78), (53, 77), (74, 75), (2, 53), (36, 70), (7, 37), (76, 89), (71, 89)]
184.719399648
======PARAMS
0.0005
0.000575
True
[0, 0, 0.0, 0.0, 0.0, 0.0, 0.0, 0.0, 0.0, 0.0, 0.0, 0.045454545454545456]
[0, 0, 0.0, 0.0, 0.0, 0.0, 0.0, 0.0, 0.0, 0.0, 0.0, 0.1]
[(8, 81), (65, 78), (53, 77), (74, 75), (36, 70), (38, 75), (11, 40), (29, 40), (50, 75), (12, 63), (5, 68)]
181.443579635
======PARAMS
0.00075
0.0008625
Average Selection iterations
59.537037037
SUFFICIENT STATS
4005
Recall
1.0
Precision
0.423076923077
F1-score
0.594594594595
False
[0, 0, 0.045454545454545456, 0.045454545454545456, 0.045454545454545456, 0.09090909090909091, 0.09090909090909091, 0.09090909090909091, 0.09090909090909091, 0.13636363636363635, 0.18181818181818182, 0.22727272727272727, 0.2727272727272727, 0.3181818181818182, 0.36363636363636365, 0.4090909090909091, 0.4090909090909091, 0.4090909090909091, 0.45454545454545453, 0.5, 0.5, 0.5454545454545454, 0.5909090909090909, 0.6363636363636364, 0.6363636363636364, 0.6363636363636364, 0.6363636363636364, 0.6363636363636364, 0.6363636363636364, 0.6363636363636364, 0.6363636363636364, 0.6363636363636364, 0.6363636363636364, 0.6363636363636364, 0.6818181818181818, 0.6818181818181818, 0.6818181818181818, 0.7272727272727273, 0.7272727272727273, 0.7272727272727273, 0.7272727272727273, 0.7727272727272727, 0.8181818181818182, 0.8181818181818182, 0.8181818181818182, 0.8636363636363636, 0.8636363636363636, 0.9090909090909091, 0.9090909090909091, 0.9090909090909091, 0.9090909090909091, 0.9090909090909091, 0.9545454545454546, 1.0]
[0, 0, 1.0, 0.5, 0.3333333333333333, 0.5, 0.4, 0.3333333333333333, 0.2857142857142857, 0.375, 0.4444444444444444, 0.5, 0.5454545454545454, 0.5833333333333334, 0.6153846153846154, 0.6428571428571429, 0.6, 0.5625, 0.5882352941176471, 0.6111111111111112, 0.5789473684210527, 0.6, 0.6190476190476191, 0.6363636363636364, 0.6086956521739131, 0.5833333333333334, 0.56, 0.5384615384615384, 0.5185185185185185, 0.5, 0.4827586206896552, 0.4666666666666667, 0.45161290322580644, 0.4375, 0.45454545454545453, 0.4411764705882353, 0.42857142857142855, 0.4444444444444444, 0.43243243243243246, 0.42105263157894735, 0.41025641025641024, 0.425, 0.43902439024390244, 0.42857142857142855, 0.4186046511627907, 0.4318181818181818, 0.4222222222222222, 0.43478260869565216, 0.425531914893617, 0.4166666666666667, 0.40816326530612246, 0.4, 0.4117647058823529, 0.4230769230769231]
[(12, 63), (21, 62), (13, 52), (21, 52), (85, 89), (80, 85), (13, 45), (85, 88), (13, 59), (40, 87), (16, 54), (13, 62), (27, 63), (13, 21), (20, 62), (59, 62), (80, 89), (7, 28), (21, 76), (13, 17), (32, 64), (17, 59), (17, 76), (13, 20), (45, 76), (17, 21), (20, 76), (17, 45), (13, 76), (20, 21), (45, 62), (21, 59), (20, 59), (17, 62), (80, 88), (45, 59), (45, 52), (52, 59), (17, 52), (52, 76), (41, 70), (21, 45), (59, 76), (12, 27), (17, 20), (8, 61), (62, 76), (20, 52), (20, 45), (52, 62), (88, 89), (47, 79)]
205.616479853
NEW OPT FOUND
(0.0008625, 0.00075)
======PARAMS
0.001
0.00115
Average Selection iterations
61.5094339623
SUFFICIENT STATS
4005
Recall
1.0
Precision
0.43137254902
F1-score
0.602739726027
False
[0, 0, 0.045454545454545456, 0.045454545454545456, 0.045454545454545456, 0.09090909090909091, 0.09090909090909091, 0.09090909090909091, 0.09090909090909091, 0.13636363636363635, 0.18181818181818182, 0.22727272727272727, 0.2727272727272727, 0.3181818181818182, 0.36363636363636365, 0.4090909090909091, 0.4090909090909091, 0.4090909090909091, 0.45454545454545453, 0.5, 0.5, 0.5454545454545454, 0.5909090909090909, 0.6363636363636364, 0.6363636363636364, 0.6363636363636364, 0.6363636363636364, 0.6363636363636364, 0.6363636363636364, 0.6363636363636364, 0.6363636363636364, 0.6818181818181818, 0.6818181818181818, 0.6818181818181818, 0.7272727272727273, 0.7272727272727273, 0.7272727272727273, 0.7272727272727273, 0.7727272727272727, 0.8181818181818182, 0.8181818181818182, 0.8181818181818182, 0.8636363636363636, 0.9090909090909091, 0.9090909090909091, 0.9090909090909091, 0.9545454545454546, 1.0, 1.0, 1.0, 1.0, 1.0, 1.0]
[0, 0, 1.0, 0.5, 0.3333333333333333, 0.5, 0.4, 0.3333333333333333, 0.2857142857142857, 0.375, 0.4444444444444444, 0.5, 0.5454545454545454, 0.5833333333333334, 0.6153846153846154, 0.6428571428571429, 0.6, 0.5625, 0.5882352941176471, 0.6111111111111112, 0.5789473684210527, 0.6, 0.6190476190476191, 0.6363636363636364, 0.6086956521739131, 0.5833333333333334, 0.56, 0.5384615384615384, 0.5185185185185185, 0.5, 0.4827586206896552, 0.5, 0.4838709677419355, 0.46875, 0.48484848484848486, 0.47058823529411764, 0.45714285714285713, 0.4444444444444444, 0.4594594594594595, 0.47368421052631576, 0.46153846153846156, 0.45, 0.4634146341463415, 0.47619047619047616, 0.46511627906976744, 0.45454545454545453, 0.4666666666666667, 0.4782608695652174, 0.46808510638297873, 0.4583333333333333, 0.4489795918367347, 0.44, 0.43137254901960786]
[(12, 63), (21, 62), (13, 52), (21, 52), (85, 89), (80, 85), (13, 45), (85, 88), (13, 59), (40, 87), (16, 54), (13, 62), (27, 63), (13, 21), (20, 62), (59, 62), (80, 89), (7, 28), (21, 76), (13, 17), (32, 64), (17, 59), (17, 76), (13, 20), (45, 76), (17, 21), (17, 45), (21, 59), (45, 62), (20, 59), (17, 62), (80, 88), (45, 59), (45, 52), (52, 59), (17, 52), (52, 76), (41, 70), (21, 45), (59, 76), (12, 27), (8, 61), (20, 52), (52, 62), (88, 89), (47, 79), (13, 76), (20, 21), (20, 45), (17, 20), (62, 76)]
204.561847951
NEW OPT FOUND
(0.00115, 0.001)
======PARAMS
0.0025
0.002875
Average Selection iterations
62.6730769231
SUFFICIENT STATS
4005
Recall
1.0
Precision
0.44
F1-score
0.611111111111
False
[0, 0, 0.045454545454545456, 0.045454545454545456, 0.045454545454545456, 0.09090909090909091, 0.09090909090909091, 0.09090909090909091, 0.09090909090909091, 0.13636363636363635, 0.18181818181818182, 0.22727272727272727, 0.2727272727272727, 0.3181818181818182, 0.36363636363636365, 0.4090909090909091, 0.4090909090909091, 0.4090909090909091, 0.45454545454545453, 0.5, 0.5, 0.5454545454545454, 0.5909090909090909, 0.6363636363636364, 0.6363636363636364, 0.6363636363636364, 0.6363636363636364, 0.6363636363636364, 0.6363636363636364, 0.6363636363636364, 0.6363636363636364, 0.6818181818181818, 0.6818181818181818, 0.6818181818181818, 0.7272727272727273, 0.7272727272727273, 0.7272727272727273, 0.7272727272727273, 0.7727272727272727, 0.8181818181818182, 0.8181818181818182, 0.8181818181818182, 0.8636363636363636, 0.9090909090909091, 0.9090909090909091, 0.9090909090909091, 0.9545454545454546, 1.0, 1.0, 1.0, 1.0, 1.0]
[0, 0, 1.0, 0.5, 0.3333333333333333, 0.5, 0.4, 0.3333333333333333, 0.2857142857142857, 0.375, 0.4444444444444444, 0.5, 0.5454545454545454, 0.5833333333333334, 0.6153846153846154, 0.6428571428571429, 0.6, 0.5625, 0.5882352941176471, 0.6111111111111112, 0.5789473684210527, 0.6, 0.6190476190476191, 0.6363636363636364, 0.6086956521739131, 0.5833333333333334, 0.56, 0.5384615384615384, 0.5185185185185185, 0.5, 0.4827586206896552, 0.5, 0.4838709677419355, 0.46875, 0.48484848484848486, 0.47058823529411764, 0.45714285714285713, 0.4444444444444444, 0.4594594594594595, 0.47368421052631576, 0.46153846153846156, 0.45, 0.4634146341463415, 0.47619047619047616, 0.46511627906976744, 0.45454545454545453, 0.4666666666666667, 0.4782608695652174, 0.46808510638297873, 0.4583333333333333, 0.4489795918367347, 0.44]
[(12, 63), (21, 62), (13, 52), (21, 52), (85, 89), (80, 85), (13, 45), (85, 88), (13, 59), (40, 87), (16, 54), (13, 62), (27, 63), (13, 21), (20, 62), (59, 62), (80, 89), (7, 28), (21, 76), (13, 17), (32, 64), (17, 59), (17, 76), (13, 20), (45, 76), (17, 21), (17, 45), (21, 59), (45, 62), (20, 59), (17, 62), (80, 88), (45, 59), (45, 52), (52, 59), (17, 52), (52, 76), (41, 70), (21, 45), (59, 76), (12, 27), (8, 61), (20, 52), (52, 62), (88, 89), (47, 79), (13, 76), (20, 21), (20, 45), (17, 20)]
207.438661689
NEW OPT FOUND
(0.002875, 0.0025)
======PARAMS
0.005
0.00575
Average Selection iterations
72.1956521739
SUFFICIENT STATS
4005
Recall
1.0
Precision
0.5
F1-score
0.666666666667
False
[0, 0, 0.045454545454545456, 0.045454545454545456, 0.045454545454545456, 0.09090909090909091, 0.09090909090909091, 0.09090909090909091, 0.09090909090909091, 0.13636363636363635, 0.18181818181818182, 0.22727272727272727, 0.2727272727272727, 0.3181818181818182, 0.36363636363636365, 0.4090909090909091, 0.45454545454545453, 0.45454545454545453, 0.5, 0.5, 0.5454545454545454, 0.5909090909090909, 0.6363636363636364, 0.6363636363636364, 0.6363636363636364, 0.6363636363636364, 0.6818181818181818, 0.6818181818181818, 0.6818181818181818, 0.7272727272727273, 0.7272727272727273, 0.7272727272727273, 0.7272727272727273, 0.7727272727272727, 0.8181818181818182, 0.8636363636363636, 0.8636363636363636, 0.9090909090909091, 0.9090909090909091, 0.9090909090909091, 0.9545454545454546, 1.0, 1.0, 1.0, 1.0, 1.0]
[0, 0, 1.0, 0.5, 0.3333333333333333, 0.5, 0.4, 0.3333333333333333, 0.2857142857142857, 0.375, 0.4444444444444444, 0.5, 0.5454545454545454, 0.5833333333333334, 0.6153846153846154, 0.6428571428571429, 0.6666666666666666, 0.625, 0.6470588235294118, 0.6111111111111112, 0.631578947368421, 0.65, 0.6666666666666666, 0.6363636363636364, 0.6086956521739131, 0.5833333333333334, 0.6, 0.5769230769230769, 0.5555555555555556, 0.5714285714285714, 0.5517241379310345, 0.5333333333333333, 0.5161290322580645, 0.53125, 0.5454545454545454, 0.5588235294117647, 0.5428571428571428, 0.5555555555555556, 0.5405405405405406, 0.5263157894736842, 0.5384615384615384, 0.55, 0.5365853658536586, 0.5238095238095238, 0.5116279069767442, 0.5]
[(12, 63), (21, 62), (13, 52), (21, 52), (85, 89), (80, 85), (13, 45), (85, 88), (13, 59), (40, 87), (16, 54), (13, 62), (27, 63), (13, 21), (80, 89), (59, 62), (7, 28), (21, 76), (13, 17), (32, 64), (17, 59), (17, 45), (21, 59), (45, 62), (20, 59), (17, 62), (80, 88), (45, 59), (45, 52), (52, 59), (17, 52), (52, 76), (41, 70), (12, 27), (17, 20), (8, 61), (20, 45), (52, 62), (88, 89), (47, 79), (13, 20), (17, 21), (21, 45), (20, 21)]
202.18051365
NEW OPT FOUND
(0.00575, 0.005)
======PARAMS
0.0075
0.008625
Average Selection iterations
75.3181818182
SUFFICIENT STATS
4005
Recall
1.0
Precision
0.52380952381
F1-score
0.6875
False
[0, 0, 0.045454545454545456, 0.045454545454545456, 0.045454545454545456, 0.09090909090909091, 0.09090909090909091, 0.09090909090909091, 0.09090909090909091, 0.13636363636363635, 0.18181818181818182, 0.22727272727272727, 0.2727272727272727, 0.3181818181818182, 0.36363636363636365, 0.4090909090909091, 0.45454545454545453, 0.45454545454545453, 0.5, 0.5, 0.5454545454545454, 0.5909090909090909, 0.6363636363636364, 0.6363636363636364, 0.6363636363636364, 0.6363636363636364, 0.6818181818181818, 0.6818181818181818, 0.6818181818181818, 0.7272727272727273, 0.7272727272727273, 0.7272727272727273, 0.7272727272727273, 0.7727272727272727, 0.8181818181818182, 0.8636363636363636, 0.8636363636363636, 0.9090909090909091, 0.9090909090909091, 0.9090909090909091, 0.9545454545454546, 1.0, 1.0, 1.0]
[0, 0, 1.0, 0.5, 0.3333333333333333, 0.5, 0.4, 0.3333333333333333, 0.2857142857142857, 0.375, 0.4444444444444444, 0.5, 0.5454545454545454, 0.5833333333333334, 0.6153846153846154, 0.6428571428571429, 0.6666666666666666, 0.625, 0.6470588235294118, 0.6111111111111112, 0.631578947368421, 0.65, 0.6666666666666666, 0.6363636363636364, 0.6086956521739131, 0.5833333333333334, 0.6, 0.5769230769230769, 0.5555555555555556, 0.5714285714285714, 0.5517241379310345, 0.5333333333333333, 0.5161290322580645, 0.53125, 0.5454545454545454, 0.5588235294117647, 0.5428571428571428, 0.5555555555555556, 0.5405405405405406, 0.5263157894736842, 0.5384615384615384, 0.55, 0.5365853658536586, 0.5238095238095238]
[(12, 63), (21, 62), (13, 52), (21, 52), (85, 89), (80, 85), (13, 45), (85, 88), (13, 59), (40, 87), (16, 54), (13, 62), (27, 63), (13, 21), (80, 89), (59, 62), (7, 28), (21, 76), (13, 17), (32, 64), (17, 59), (17, 45), (21, 59), (45, 62), (20, 59), (17, 62), (80, 88), (45, 59), (45, 52), (52, 59), (17, 52), (52, 76), (41, 70), (12, 27), (17, 20), (8, 61), (20, 45), (52, 62), (88, 89), (47, 79), (21, 45), (17, 21)]
203.317750601
NEW OPT FOUND
(0.008624999999999999, 0.0075)
======PARAMS
0.01
0.0115
Average Selection iterations
77.1162790698
SUFFICIENT STATS
4005
Recall
1.0
Precision
0.536585365854
F1-score
0.698412698413
False
[0, 0, 0.045454545454545456, 0.045454545454545456, 0.045454545454545456, 0.09090909090909091, 0.09090909090909091, 0.09090909090909091, 0.09090909090909091, 0.13636363636363635, 0.18181818181818182, 0.22727272727272727, 0.2727272727272727, 0.3181818181818182, 0.36363636363636365, 0.4090909090909091, 0.45454545454545453, 0.45454545454545453, 0.5, 0.5, 0.5454545454545454, 0.5909090909090909, 0.6363636363636364, 0.6363636363636364, 0.6363636363636364, 0.6363636363636364, 0.6818181818181818, 0.6818181818181818, 0.6818181818181818, 0.7272727272727273, 0.7272727272727273, 0.7272727272727273, 0.7272727272727273, 0.7727272727272727, 0.8181818181818182, 0.8636363636363636, 0.9090909090909091, 0.9090909090909091, 0.9545454545454546, 1.0, 1.0, 1.0, 1.0]
[0, 0, 1.0, 0.5, 0.3333333333333333, 0.5, 0.4, 0.3333333333333333, 0.2857142857142857, 0.375, 0.4444444444444444, 0.5, 0.5454545454545454, 0.5833333333333334, 0.6153846153846154, 0.6428571428571429, 0.6666666666666666, 0.625, 0.6470588235294118, 0.6111111111111112, 0.631578947368421, 0.65, 0.6666666666666666, 0.6363636363636364, 0.6086956521739131, 0.5833333333333334, 0.6, 0.5769230769230769, 0.5555555555555556, 0.5714285714285714, 0.5517241379310345, 0.5333333333333333, 0.5161290322580645, 0.53125, 0.5454545454545454, 0.5588235294117647, 0.5714285714285714, 0.5555555555555556, 0.5675675675675675, 0.5789473684210527, 0.5641025641025641, 0.55, 0.5365853658536586]
[(12, 63), (21, 62), (13, 52), (21, 52), (85, 89), (80, 85), (13, 45), (85, 88), (13, 59), (40, 87), (16, 54), (13, 62), (27, 63), (13, 21), (80, 89), (59, 62), (7, 28), (21, 76), (13, 17), (32, 64), (17, 59), (17, 45), (21, 59), (45, 62), (20, 59), (17, 62), (80, 88), (45, 59), (45, 52), (52, 59), (17, 52), (52, 76), (41, 70), (12, 27), (8, 61), (52, 62), (88, 89), (47, 79), (20, 45), (21, 45), (17, 21)]
205.851583582
NEW OPT FOUND
(0.0115, 0.01)
======PARAMS
0.025
0.02875
Average Selection iterations
157.863636364
SUFFICIENT STATS
4005
Recall
0.818181818182
Precision
0.9
F1-score
0.857142857143
False
[0, 0, 0.045454545454545456, 0.09090909090909091, 0.09090909090909091, 0.13636363636363635, 0.18181818181818182, 0.22727272727272727, 0.2727272727272727, 0.3181818181818182, 0.36363636363636365, 0.4090909090909091, 0.45454545454545453, 0.5, 0.5454545454545454, 0.5454545454545454, 0.5909090909090909, 0.6363636363636364, 0.6818181818181818, 0.7272727272727273, 0.7727272727272727, 0.8181818181818182]
[0, 0, 1.0, 1.0, 0.6666666666666666, 0.75, 0.8, 0.8333333333333334, 0.8571428571428571, 0.875, 0.8888888888888888, 0.9, 0.9090909090909091, 0.9166666666666666, 0.9230769230769231, 0.8571428571428571, 0.8666666666666667, 0.875, 0.8823529411764706, 0.8888888888888888, 0.8947368421052632, 0.9]
[(12, 63), (21, 52), (85, 89), (85, 88), (13, 59), (40, 87), (27, 63), (16, 54), (13, 21), (7, 28), (13, 17), (32, 64), (17, 59), (80, 88), (41, 70), (12, 27), (88, 89), (47, 79), (45, 59), (80, 89)]
191.473729575
NEW OPT FOUND
(0.028749999999999998, 0.025)
OPT reached
OPT PARAMS
0.025
0.02875
>>>>>>>>>>>>>>>>>>>>>METHOD: queue
Average Selection iterations
1530.33333333
SUFFICIENT STATS
4005
Recall
0.818181818182
Precision
0.818181818182
F1-score
0.818181818182
>>>>>>>>>>>>>>>>>>>>>METHOD: naive
Average Selection iterations
163.791666667
SUFFICIENT STATS
4005
Recall
0.818181818182
Precision
0.818181818182
F1-score
0.818181818182
>>>>>>>>>>>>>>>>>>>>>METHOD: Graft
SUFFICIENT STATS
4005
Recall
0.818181818182
Precision
0.9
F1-score
0.857142857143
[(88, 89), (85, 88), (12, 63), (85, 89), (27, 63), (7, 28), (21, 52), (41, 70), (32, 64), (12, 27), (80, 89), (47, 79), (13, 17), (80, 88), (45, 59), (13, 21), (16, 54), (40, 87), (17, 59), (13, 59)]
[0, 0, 0.045454545454545456, 0.09090909090909091, 0.13636363636363635, 0.13636363636363635, 0.18181818181818182, 0.22727272727272727, 0.2727272727272727, 0.3181818181818182, 0.36363636363636365, 0.4090909090909091, 0.45454545454545453, 0.5, 0.5454545454545454, 0.5454545454545454, 0.5909090909090909, 0.6363636363636364, 0.6818181818181818, 0.7272727272727273, 0.7727272727272727, 0.8181818181818182]
