================================= ///////////////////START//////////////// =========================================
======================================Simulating data...
> Creating model
> Generating data
ss
ss end
[0, 1, 2, 3, 4, 5, 6, 7, 8, 9]
{0: 5, 1: 5, 2: 5, 3: 5, 4: 5, 5: 5, 6: 5, 7: 5, 8: 5, 9: 5}
5
NUM VARIABLES
10
NUM EDGES
5
EDGES
[(0, 3), (0, 6), (1, 4), (1, 5), (4, 9)]
>>>>>>>>>>>>>>>>>>>>>METHOD: structured
======PARAMS
1e-05
1.1e-05
/home/walidch/mrf_project/MRFToolBox/mrftools/mrftools/Learner.py:119: FutureWarning: comparison to `None` will result in an elementwise object comparison in the future.
  if (self.tau_q == None or not self.fully_observed) and not (self.graft):
/home/walidch/mrf_project/MRFToolBox/mrftools/mrftools/Learner.py:133: FutureWarning: comparison to `None` will result in an elementwise object comparison in the future.
  if (self.tau_q == None or not self.fully_observed) and not (self.graft):
[10.761093602221546]
[10.761093602221546, 10.761093602221546, 15.081159776211228]
[10.761093602221546, 10.761093602221546, 15.081159776211228, 19.266543227871967]
True
[0, 0, 0.0, 0.0]
[0, 0, 0.0, 0.0]
[(3, 7), (6, 8), (1, 2)]
======PARAMS
2.5e-05
2.75e-05
[10.762125965914798]
[10.762125965914798, 10.762125965914798, 15.082453980880937]
[10.762125965914798, 10.762125965914798, 15.082453980880937, 19.268008799164235]
True
[0, 0, 0.0, 0.0]
[0, 0, 0.0, 0.0]
[(3, 7), (6, 8), (1, 2)]
======PARAMS
5e-05
5.5e-05
[10.763839013409518]
[10.763839013409518, 10.763839013409518, 15.084577726069847]
[10.763839013409518, 10.763839013409518, 15.084577726069847, 19.270419213743416]
True
[0, 0, 0.0, 0.0]
[0, 0, 0.0, 0.0]
[(3, 7), (6, 8), (1, 2)]
======PARAMS
7.5e-05
8.25e-05
[10.765543849322283]
[10.765543849322283, 10.765543849322283, 15.086680048785132]
[10.765543849322283, 10.765543849322283, 15.086680048785132, 19.272803683444884]
True
[0, 0, 0.0, 0.0]
[0, 0, 0.0, 0.0]
[(3, 7), (6, 8), (1, 2)]
======PARAMS
0.0001
0.00011
[10.767240285252367]
[10.767240285252367, 10.767240285252367, 15.088768482135315]
[10.767240285252367, 10.767240285252367, 15.088768482135315, 19.275171400843337]
True
[0, 0, 0.0, 0.0]
[0, 0, 0.0, 0.0]
[(3, 7), (6, 8), (1, 2)]
======PARAMS
0.00025
0.000275
[10.777271133028682]
[10.777271133028682, 10.777271133028682, 15.101094240884224]
[10.777271133028682, 10.777271133028682, 15.101094240884224, 19.289109388126118]
True
[0, 0, 0.0, 0.0]
[0, 0, 0.0, 0.0]
[(3, 7), (6, 8), (1, 2)]
======PARAMS
0.0005
0.00055
[10.7935555486387]
[10.7935555486387, 10.7935555486387, 15.121040477625192]
[10.7935555486387, 10.7935555486387, 15.121040477625192, 19.311630806904049]
True
[0, 0, 0.0, 0.0]
[0, 0, 0.0, 0.0]
[(3, 7), (6, 8), (6, 7)]
======PARAMS
0.00075
0.000825
[10.809422706444327]
[10.809422706444327, 10.809422706444327, 15.140410450880664]
[10.809422706444327, 10.809422706444327, 15.140410450880664, 19.33346330875224]
True
[0, 0, 0.0, 0.0]
[0, 0, 0.0, 0.0]
[(3, 7), (6, 8), (6, 7)]
======PARAMS
0.001
0.0011
[10.824956305939283]
[10.824956305939283, 10.824956305939283, 15.159349099988695]
[10.824956305939283, 10.824956305939283, 15.159349099988695, 19.354708378758307]
True
[0, 0, 0.0, 0.0]
[0, 0, 0.0, 0.0]
[(3, 7), (6, 7), (3, 8)]
======PARAMS
0.0025
0.00275
[10.913478682224738]
[10.913478682224738, 10.913478682224738, 12.328481258643329]
[10.913478682224738, 10.913478682224738, 12.328481258643329, 13.773127285123435]
[10.913478682224738, 10.913478682224738, 12.328481258643329, 13.773127285123435, 15.250034710020735]
True
[0, 0, 0.0, 0.2, 0.2]
[0, 0, 0.0, 0.5, 0.3333333333333333]
[(1, 9), (1, 4), (5, 9), (4, 5)]
======PARAMS
0.005
0.0055
[11.049101892903783]
[11.049101892903783, 11.049101892903783, 12.560070597636587]
[11.049101892903783, 11.049101892903783, 12.560070597636587, 14.120993138516621]
[11.049101892903783, 11.049101892903783, 12.560070597636587, 14.120993138516621, 15.684923000659463]
True
[0, 0, 0.0, 0.2, 0.2]
[0, 0, 0.0, 0.5, 0.3333333333333333]
[(1, 9), (1, 4), (5, 9), (4, 5)]
======PARAMS
0.0075
0.00825
[11.175798812309127]
[11.175798812309127, 11.175798812309127, 12.773115637136291]
[11.175798812309127, 11.175798812309127, 12.773115637136291, 14.434745698882027]
[11.175798812309127, 11.175798812309127, 12.773115637136291, 14.434745698882027, 16.07855938819721]
True
[0, 0, 0.0, 0.2, 0.2]
[0, 0, 0.0, 0.5, 0.3333333333333333]
[(1, 9), (1, 4), (5, 9), (4, 5)]
======PARAMS
0.01
0.011
[11.296531743100335]
[11.296531743100335, 11.296531743100335, 12.973640524547887]
[11.296531743100335, 11.296531743100335, 12.973640524547887, 14.725483814339269]
[11.296531743100335, 11.296531743100335, 12.973640524547887, 14.725483814339269, 16.444257688102184]
True
[0, 0, 0.0, 0.2, 0.2]
[0, 0, 0.0, 0.5, 0.3333333333333333]
[(1, 9), (1, 4), (5, 9), (4, 5)]
======PARAMS
0.025
0.0275
[11.935251264904718]
[11.935251264904718, 11.935251264904718, 14.013882793300299]
[11.935251264904718, 11.935251264904718, 14.013882793300299, 16.194567736327947]
[11.935251264904718, 11.935251264904718, 14.013882793300299, 16.194567736327947, 18.297845385687971]
True
[0, 0, 0.0, 0.2, 0.2]
[0, 0, 0.0, 0.5, 0.3333333333333333]
[(1, 9), (1, 4), (5, 9), (4, 5)]
======PARAMS
0.05
0.055
[12.808832610519124]
[12.808832610519124, 12.808832610519124, 15.404044179577333]
[12.808832610519124, 12.808832610519124, 15.404044179577333, 18.093187434940099]
[12.808832610519124, 12.808832610519124, 15.404044179577333, 18.093187434940099, 20.695382113741097]
True
[0, 0, 0.0, 0.2, 0.2]
[0, 0, 0.0, 0.5, 0.3333333333333333]
[(1, 9), (1, 4), (5, 9), (4, 5)]
======PARAMS
0.075
0.0825
[13.523306549403577]
[13.523306549403577, 13.523306549403577, 16.879333054005446]
[13.523306549403577, 13.523306549403577, 16.879333054005446, 19.625173825489025]
Average Selection iterations
10.0
SUFFICIENT STATS
45
Recall
0.4
Precision
1.0
F1-score
0.571428571429
Correctly re-ordered
0.0
N/A
False
[0, 0, 0.2, 0.4]
[0, 0, 1.0, 1.0]
[(4, 9), (1, 5)]
NEW OPT FOUND
4
4
OPT PARAMS
0.075
0.0825
(0.0825, 0.075)
======PARAMS
0.1
0.11
[14.110875282316325]
Average Selection iterations
0.0
SUFFICIENT STATS
45
Recall
0
Precision
0
F1-score
0
Correctly re-ordered
0.0
N/A
False
[0, 0]
[0, 0]
[]
#########################################Getting best node reg#################################################
//////
0.075
0.1125
[1.5726494750601858]
[1.5726494750601858, 1.5726494750601858, 1.5621086529583958]
[1.5726494750601858, 1.5726494750601858, 1.5621086529583958, 1.475811818408052]
[1.5726494750601858, 1.5726494750601858, 1.5621086529583958, 1.475811818408052, 1.397990998112409]
//////
0.075
0.09375
[1.3797890304880038]
[1.3797890304880038, 1.3797890304880038, 1.3353232992467348]
[1.3797890304880038, 1.3797890304880038, 1.3353232992467348, 1.2620066658530622]
Average Selection iterations
10.0
SUFFICIENT STATS
45
Recall
0.4
Precision
1.0
F1-score
0.571428571429
Correctly re-ordered
0.0
N/A
NEW BEST!
inf
4
4
OPT PARAMS
0.075
0.09375
//////
0.075
0.09
[1.3487896939457094]
[1.3487896939457094, 1.3487896939457094, 1.2768259259836208]
[1.3487896939457094, 1.3487896939457094, 1.2768259259836208, 1.2045241520843]
Average Selection iterations
10.0
SUFFICIENT STATS
45
Recall
0.4
Precision
1.0
F1-score
0.571428571429
Correctly re-ordered
0.0
N/A
//////
0.075
0.088125
[1.3019764447048081]
[1.3019764447048081, 1.3019764447048081, 1.248969442770629]
[1.3019764447048081, 1.3019764447048081, 1.248969442770629, 1.2215948526397185]
Average Selection iterations
10.0
SUFFICIENT STATS
45
Recall
0.4
Precision
1.0
F1-score
0.571428571429
Correctly re-ordered
0.0
N/A
//////
0.075
0.08625
[1.3196853489603315]
[1.3196853489603315, 1.3196853489603315, 1.2140115924947346]
[1.3196853489603315, 1.3196853489603315, 1.2140115924947346, 1.1646064082795051]
Average Selection iterations
10.0
SUFFICIENT STATS
45
Recall
0.4
Precision
1.0
F1-score
0.571428571429
Correctly re-ordered
0.0
N/A
//////
0.075
0.084375
[1.3001592797705155]
[1.3001592797705155, 1.3001592797705155, 1.2250001724748731]
[1.3001592797705155, 1.3001592797705155, 1.2250001724748731, 1.1471039494505022]
Average Selection iterations
10.0
SUFFICIENT STATS
45
Recall
0.4
Precision
1.0
F1-score
0.571428571429
Correctly re-ordered
0.0
N/A
//////
0.075
0.0825
[1.2331878088566715]
[1.2331878088566715, 1.2331878088566715, 1.2048178868420325]
[1.2331878088566715, 1.2331878088566715, 1.2048178868420325, 1.1442278996495758]
Average Selection iterations
10.0
SUFFICIENT STATS
45
Recall
0.4
Precision
1.0
F1-score
0.571428571429
Correctly re-ordered
0.0
N/A
//////
0.075
0.07875
[1.1870584766028518]
[1.1870584766028518, 1.1870584766028518, 1.1547855785062688]
Average Selection iterations
12.0
SUFFICIENT STATS
45
Recall
0.2
Precision
1.0
F1-score
0.333333333333
Correctly re-ordered
0.0
N/A
//////
0.075
0.075
[1.1695202933553066]
Average Selection iterations
0.0
SUFFICIENT STATS
45
Recall
0
Precision
0
F1-score
0
Correctly re-ordered
0.0
N/A
>>>>>>>>>>>>>>>>>>>>>METHOD: queue
[1.3797890304880038]
[1.3797890304880038, 1.3797890304880038, 1.3353232992467348]
[1.3797890304880038, 1.3797890304880038, 1.3353232992467348, 1.248432786901077]
[1.3797890304880038, 1.3797890304880038, 1.3353232992467348, 1.248432786901077, 1.2307922005319982]
[1.3797890304880038, 1.3797890304880038, 1.3353232992467348, 1.248432786901077, 1.2307922005319982, 1.1552641757053193]
Average Selection iterations
17.6666666667
SUFFICIENT STATS
45
Recall
0.4
Precision
0.5
F1-score
0.444444444444
Correctly re-ordered
0.0
N/A
6
6
>>>>>>>>>>>>>>>>>>>>>METHOD: Graft
[13.781556711931596]
[13.781556711931596, 13.781556711931596, 17.256158987633224]
[13.781556711931596, 13.781556711931596, 17.256158987633224, 20.148893648485739]
SUFFICIENT STATS
45
Recall
0.4
Precision
1.0
F1-score
0.571428571429
[(4, 9), (1, 5)]
[0, 0, 0.2, 0.4]
4
4
structured
queue
graft
structured
queue
graft
======================================Simulating data...
> Creating model
> Generating data
ss
ss end
[0, 1, 2, 3, 4, 5, 6, 7, 8, 9, 10, 11, 12, 13, 14, 15, 16, 17, 18, 19]
{0: 5, 1: 5, 2: 5, 3: 5, 4: 5, 5: 5, 6: 5, 7: 5, 8: 5, 9: 5, 10: 5, 11: 5, 12: 5, 13: 5, 14: 5, 15: 5, 16: 5, 17: 5, 18: 5, 19: 5}
5
NUM VARIABLES
20
NUM EDGES
10
EDGES
[(0, 16), (1, 7), (1, 10), (1, 13), (1, 14), (4, 19), (5, 13), (8, 9), (8, 17), (9, 16)]
>>>>>>>>>>>>>>>>>>>>>METHOD: structured
======PARAMS
1e-05
1.1e-05
[21.160860795905847]
[21.160860795905847, 21.160860795905847, 23.487769939754624]
[21.160860795905847, 21.160860795905847, 23.487769939754624, 28.315454997836046]
True
[0, 0, 0.0, 0.0]
[0, 0, 0.0, 0.0]
[(8, 14), (2, 12), (2, 8)]
======PARAMS
2.5e-05
2.75e-05
[21.163007232544878]
[21.163007232544878, 21.163007232544878, 23.490606236650319]
[21.163007232544878, 21.163007232544878, 23.490606236650319, 28.318299616174034]
True
[0, 0, 0.0, 0.0]
[0, 0, 0.0, 0.0]
[(8, 14), (2, 12), (2, 8)]
======PARAMS
5e-05
5.5e-05
[21.166586021021562]
[21.166586021021562, 21.166586021021562, 23.495220789941001]
[21.166586021021562, 21.166586021021562, 23.495220789941001, 28.322939281521684]
True
[0, 0, 0.0, 0.0]
[0, 0, 0.0, 0.0]
[(8, 14), (2, 12), (2, 8)]
======PARAMS
7.5e-05
8.25e-05
[21.170135117305971]
[21.170135117305971, 21.170135117305971, 23.499742560649182]
[21.170135117305971, 21.170135117305971, 23.499742560649182, 28.327487993170497]
True
[0, 0, 0.0, 0.0]
[0, 0, 0.0, 0.0]
[(8, 14), (2, 12), (2, 8)]
======PARAMS
0.0001
0.00011
[21.173661076952211]
[21.173661076952211, 21.173661076952211, 23.504200627302215]
[21.173661076952211, 21.173661076952211, 23.504200627302215, 28.331969245756845]
True
[0, 0, 0.0, 0.0]
[0, 0, 0.0, 0.0]
[(8, 14), (2, 12), (2, 8)]
======PARAMS
0.00025
0.000275
[21.194426411812248]
[21.194426411812248, 21.194426411812248, 23.53027753186171]
[21.194426411812248, 21.194426411812248, 23.53027753186171, 28.358170292125177]
True
[0, 0, 0.0, 0.0]
[0, 0, 0.0, 0.0]
[(8, 14), (2, 12), (2, 8)]
======PARAMS
0.0005
0.00055
[21.22807017255624]
[21.22807017255624, 21.22807017255624, 23.572375498468904]
[21.22807017255624, 21.22807017255624, 23.572375498468904, 28.400481513388446]
True
[0, 0, 0.0, 0.0]
[0, 0, 0.0, 0.0]
[(8, 14), (2, 12), (2, 8)]
======PARAMS
0.00075
0.000825
[21.260890402000037]
[21.260890402000037, 21.260890402000037, 26.089042529712732]
[21.260890402000037, 21.260890402000037, 26.089042529712732, 29.979902459354303]
True
[0, 0, 0.0, 0.0]
[0, 0, 0.0, 0.0]
[(2, 12), (2, 8), (11, 19)]
======PARAMS
0.001
0.0011
[21.293089764851075]
[21.293089764851075, 21.293089764851075, 25.187040185271897]
[21.293089764851075, 21.293089764851075, 25.187040185271897, 29.264339311661356]
True
[0, 0, 0.0, 0.0]
[0, 0, 0.0, 0.0]
[(2, 8), (11, 19), (0, 16)]
======PARAMS
0.0025
0.00275
[21.477071277681137]
[21.477071277681137, 21.477071277681137, 24.25306274224959]
[21.477071277681137, 21.477071277681137, 24.25306274224959, 26.88290938607696]
[21.477071277681137, 21.477071277681137, 24.25306274224959, 26.88290938607696, 29.712218751228534]
[21.477071277681137, 21.477071277681137, 24.25306274224959, 26.88290938607696, 29.712218751228534, 33.054414135791134]
[21.477071277681137, 21.477071277681137, 24.25306274224959, 26.88290938607696, 29.712218751228534, 33.054414135791134, 33.235734909515962]
[21.477071277681137, 21.477071277681137, 24.25306274224959, 26.88290938607696, 29.712218751228534, 33.054414135791134, 33.235734909515962, 33.626874164336208]
[21.477071277681137, 21.477071277681137, 24.25306274224959, 26.88290938607696, 29.712218751228534, 33.054414135791134, 33.235734909515962, 33.626874164336208, 36.741274807702261]
[21.477071277681137, 21.477071277681137, 24.25306274224959, 26.88290938607696, 29.712218751228534, 33.054414135791134, 33.235734909515962, 33.626874164336208, 36.741274807702261, 39.436947054934677]
[21.477071277681137, 21.477071277681137, 24.25306274224959, 26.88290938607696, 29.712218751228534, 33.054414135791134, 33.235734909515962, 33.626874164336208, 36.741274807702261, 39.436947054934677, 41.843617043939609]
[21.477071277681137, 21.477071277681137, 24.25306274224959, 26.88290938607696, 29.712218751228534, 33.054414135791134, 33.235734909515962, 33.626874164336208, 36.741274807702261, 39.436947054934677, 41.843617043939609, 45.229080835708899]
[21.477071277681137, 21.477071277681137, 24.25306274224959, 26.88290938607696, 29.712218751228534, 33.054414135791134, 33.235734909515962, 33.626874164336208, 36.741274807702261, 39.436947054934677, 41.843617043939609, 45.229080835708899, 49.037052034911675]
True
[0, 0, 0.1, 0.1, 0.2, 0.2, 0.3, 0.4, 0.4, 0.4, 0.5, 0.5, 0.5]
[0, 0, 1.0, 0.5, 0.6666666666666666, 0.5, 0.6, 0.6666666666666666, 0.5714285714285714, 0.5, 0.5555555555555556, 0.5, 0.45454545454545453]
[(0, 16), (8, 16), (8, 9), (0, 8), (1, 13), (1, 7), (9, 17), (16, 17), (8, 17), (0, 17), (0, 9), (4, 19)]
======PARAMS
0.005
0.0055
[21.761808877964825]
[21.761808877964825, 21.761808877964825, 24.653927935980207]
[21.761808877964825, 21.761808877964825, 24.653927935980207, 27.360323093288656]
[21.761808877964825, 21.761808877964825, 24.653927935980207, 27.360323093288656, 30.31902312121845]
[21.761808877964825, 21.761808877964825, 24.653927935980207, 27.360323093288656, 30.31902312121845, 33.715259052655313]
[21.761808877964825, 21.761808877964825, 24.653927935980207, 27.360323093288656, 30.31902312121845, 33.715259052655313, 33.996824260150426]
[21.761808877964825, 21.761808877964825, 24.653927935980207, 27.360323093288656, 30.31902312121845, 33.715259052655313, 33.996824260150426, 34.478165648738383]
[21.761808877964825, 21.761808877964825, 24.653927935980207, 27.360323093288656, 30.31902312121845, 33.715259052655313, 33.996824260150426, 34.478165648738383, 37.692226527864634]
[21.761808877964825, 21.761808877964825, 24.653927935980207, 27.360323093288656, 30.31902312121845, 33.715259052655313, 33.996824260150426, 34.478165648738383, 37.692226527864634, 40.456142580605722]
[21.761808877964825, 21.761808877964825, 24.653927935980207, 27.360323093288656, 30.31902312121845, 33.715259052655313, 33.996824260150426, 34.478165648738383, 37.692226527864634, 40.456142580605722, 42.979933984425308]
[21.761808877964825, 21.761808877964825, 24.653927935980207, 27.360323093288656, 30.31902312121845, 33.715259052655313, 33.996824260150426, 34.478165648738383, 37.692226527864634, 40.456142580605722, 42.979933984425308, 46.417067546024121]
[21.761808877964825, 21.761808877964825, 24.653927935980207, 27.360323093288656, 30.31902312121845, 33.715259052655313, 33.996824260150426, 34.478165648738383, 37.692226527864634, 40.456142580605722, 42.979933984425308, 46.417067546024121, 50.277492710500219]
True
[0, 0, 0.1, 0.1, 0.2, 0.2, 0.3, 0.4, 0.4, 0.4, 0.5, 0.5, 0.5]
[0, 0, 1.0, 0.5, 0.6666666666666666, 0.5, 0.6, 0.6666666666666666, 0.5714285714285714, 0.5, 0.5555555555555556, 0.5, 0.45454545454545453]
[(0, 16), (8, 16), (8, 9), (0, 8), (1, 13), (1, 7), (9, 17), (16, 17), (8, 17), (0, 17), (0, 9), (4, 19)]
======PARAMS
0.0075
0.00825
[22.027745526764765]
[22.027745526764765, 22.027745526764765, 25.018629059405232]
[22.027745526764765, 22.027745526764765, 25.018629059405232, 27.793953140151618]
[22.027745526764765, 22.027745526764765, 25.018629059405232, 27.793953140151618, 30.867564004989148]
[22.027745526764765, 22.027745526764765, 25.018629059405232, 27.793953140151618, 30.867564004989148, 34.1642474693747]
[22.027745526764765, 22.027745526764765, 25.018629059405232, 27.793953140151618, 30.867564004989148, 34.1642474693747, 36.991567446342643]
True
[0, 0, 0.1, 0.1, 0.2, 0.2, 0.2]
[0, 0, 1.0, 0.5, 0.6666666666666666, 0.5, 0.4]
[(0, 16), (8, 16), (8, 9), (9, 17), (16, 17), (8, 17)]
======PARAMS
0.01
0.011
[22.28065630056086]
[22.28065630056086, 22.28065630056086, 25.357742362139227]
[22.28065630056086, 22.28065630056086, 25.357742362139227, 28.198599818782345]
[22.28065630056086, 22.28065630056086, 25.357742362139227, 28.198599818782345, 31.371978767816469]
[22.28065630056086, 22.28065630056086, 25.357742362139227, 28.198599818782345, 31.371978767816469, 34.748055141332713]
[22.28065630056086, 22.28065630056086, 25.357742362139227, 28.198599818782345, 31.371978767816469, 34.748055141332713, 37.637774321115202]
True
[0, 0, 0.1, 0.1, 0.2, 0.2, 0.2]
[0, 0, 1.0, 0.5, 0.6666666666666666, 0.5, 0.4]
[(0, 16), (8, 16), (8, 9), (9, 17), (16, 17), (8, 17)]
======PARAMS
0.025
0.0275
[23.614848352229114]
[23.614848352229114, 23.614848352229114, 27.058248088422665]
[23.614848352229114, 23.614848352229114, 27.058248088422665, 30.697749904786342]
[23.614848352229114, 23.614848352229114, 27.058248088422665, 30.697749904786342, 34.460456445894827]
[23.614848352229114, 23.614848352229114, 27.058248088422665, 30.697749904786342, 34.460456445894827, 37.662343135140873]
[23.614848352229114, 23.614848352229114, 27.058248088422665, 30.697749904786342, 34.460456445894827, 37.662343135140873, 41.408346764202861]
Average Selection iterations
23.0
SUFFICIENT STATS
190
Recall
0.4
Precision
0.8
F1-score
0.533333333333
Correctly re-ordered
0.0
N/A
False
[0, 0, 0.1, 0.2, 0.2, 0.3, 0.4]
[0, 0, 1.0, 1.0, 0.6666666666666666, 0.75, 0.8]
[(0, 16), (8, 9), (9, 17), (8, 17), (4, 19)]
NEW OPT FOUND
7
7
OPT PARAMS
0.025
0.0275
(0.027500000000000004, 0.025)
======PARAMS
0.05
0.055
[25.427264477368084]
[25.427264477368084, 25.427264477368084, 29.553537348900317]
[25.427264477368084, 25.427264477368084, 29.553537348900317, 33.727458390730632]
[25.427264477368084, 25.427264477368084, 29.553537348900317, 33.727458390730632, 37.50346913708389]
[25.427264477368084, 25.427264477368084, 29.553537348900317, 33.727458390730632, 37.50346913708389, 41.706216087698664]
Average Selection iterations
26.8333333333
SUFFICIENT STATS
190
Recall
0.3
Precision
0.75
F1-score
0.428571428571
Correctly re-ordered
0.0
N/A
False
[0, 0, 0.1, 0.1, 0.2, 0.3]
[0, 0, 1.0, 0.5, 0.6666666666666666, 0.75]
[(8, 9), (9, 17), (8, 17), (4, 19)]
======PARAMS
0.075
0.0825
[26.911451800897492]
[26.911451800897492, 26.911451800897492, 31.077972867675989]
Average Selection iterations
44.6666666667
SUFFICIENT STATS
190
Recall
0.1
Precision
1.0
F1-score
0.181818181818
Correctly re-ordered
0.0
N/A
False
[0, 0, 0.1]
[0, 0, 1.0]
[(8, 17)]
======PARAMS
0.1
0.11
[28.135349463846818]
Average Selection iterations
0.0
SUFFICIENT STATS
190
Recall
0
Precision
0
F1-score
0
Correctly re-ordered
0.0
N/A
False
[0, 0]
[0, 0]
[]
#########################################Getting best node reg#################################################
//////
0.025
0.0375
[1.181270496386128]
[1.181270496386128, 1.181270496386128, 1.2093932521802617]
[1.181270496386128, 1.181270496386128, 1.2093932521802617, 1.1845261413043733]
[1.181270496386128, 1.181270496386128, 1.2093932521802617, 1.1845261413043733, 1.1676227758380819]
[1.181270496386128, 1.181270496386128, 1.2093932521802617, 1.1845261413043733, 1.1676227758380819, 1.1385612108925609]
[1.181270496386128, 1.181270496386128, 1.2093932521802617, 1.1845261413043733, 1.1676227758380819, 1.1385612108925609, 1.1472759923623437]
[1.181270496386128, 1.181270496386128, 1.2093932521802617, 1.1845261413043733, 1.1676227758380819, 1.1385612108925609, 1.1472759923623437, 1.1275276621716495]
[1.181270496386128, 1.181270496386128, 1.2093932521802617, 1.1845261413043733, 1.1676227758380819, 1.1385612108925609, 1.1472759923623437, 1.1275276621716495, 1.1212052260256737]
//////
0.025
0.03125
[1.0364077139600862]
[1.0364077139600862, 1.0364077139600862, 1.0276812894415475]
[1.0364077139600862, 1.0364077139600862, 1.0276812894415475, 0.99372378974494657]
[1.0364077139600862, 1.0364077139600862, 1.0276812894415475, 0.99372378974494657, 0.99039367642644738]
[1.0364077139600862, 1.0364077139600862, 1.0276812894415475, 0.99372378974494657, 0.99039367642644738, 0.97401963686520476]
[1.0364077139600862, 1.0364077139600862, 1.0276812894415475, 0.99372378974494657, 0.99039367642644738, 0.97401963686520476, 0.96346234762386562]
[1.0364077139600862, 1.0364077139600862, 1.0276812894415475, 0.99372378974494657, 0.99039367642644738, 0.97401963686520476, 0.96346234762386562, 0.90207373928742918]
[1.0364077139600862, 1.0364077139600862, 1.0276812894415475, 0.99372378974494657, 0.99039367642644738, 0.97401963686520476, 0.96346234762386562, 0.90207373928742918, 0.85592504960590488]
[1.0364077139600862, 1.0364077139600862, 1.0276812894415475, 0.99372378974494657, 0.99039367642644738, 0.97401963686520476, 0.96346234762386562, 0.90207373928742918, 0.85592504960590488, 0.83774109843977018]
Average Selection iterations
19.1
SUFFICIENT STATS
190
Recall
0.6
Precision
0.75
F1-score
0.666666666667
Correctly re-ordered
0.0
N/A
NEW BEST!
inf
10
10
OPT PARAMS
0.025
0.03125
//////
0.025
0.03
[1.0289226919260197]
[1.0289226919260197, 1.0289226919260197, 1.0315871568836013]
[1.0289226919260197, 1.0289226919260197, 1.0315871568836013, 0.98513590394203321]
[1.0289226919260197, 1.0289226919260197, 1.0315871568836013, 0.98513590394203321, 0.95906270967806617]
[1.0289226919260197, 1.0289226919260197, 1.0315871568836013, 0.98513590394203321, 0.95906270967806617, 0.86921362810979197]
[1.0289226919260197, 1.0289226919260197, 1.0315871568836013, 0.98513590394203321, 0.95906270967806617, 0.86921362810979197, 0.86825755031443419]
[1.0289226919260197, 1.0289226919260197, 1.0315871568836013, 0.98513590394203321, 0.95906270967806617, 0.86921362810979197, 0.86825755031443419, 0.82939394540952227]
[1.0289226919260197, 1.0289226919260197, 1.0315871568836013, 0.98513590394203321, 0.95906270967806617, 0.86921362810979197, 0.86825755031443419, 0.82939394540952227, 0.82945701555805229]
[1.0289226919260197, 1.0289226919260197, 1.0315871568836013, 0.98513590394203321, 0.95906270967806617, 0.86921362810979197, 0.86825755031443419, 0.82939394540952227, 0.82945701555805229, 0.81520455098315869]
Average Selection iterations
37.6
SUFFICIENT STATS
190
Recall
0.6
Precision
0.75
F1-score
0.666666666667
Correctly re-ordered
0.0
N/A
//////
0.025
0.029375
[0.99874558427391547]
[0.99874558427391547, 0.99874558427391547, 1.0117742292420242]
[0.99874558427391547, 0.99874558427391547, 1.0117742292420242, 0.96248458269148751]
[0.99874558427391547, 0.99874558427391547, 1.0117742292420242, 0.96248458269148751, 0.92737443618611648]
[0.99874558427391547, 0.99874558427391547, 1.0117742292420242, 0.96248458269148751, 0.92737443618611648, 0.87963956483377703]
[0.99874558427391547, 0.99874558427391547, 1.0117742292420242, 0.96248458269148751, 0.92737443618611648, 0.87963956483377703, 0.8454223464473255]
Average Selection iterations
23.0
SUFFICIENT STATS
190
Recall
0.4
Precision
0.8
F1-score
0.533333333333
Correctly re-ordered
0.0
N/A
//////
0.025
0.02875
[0.99216641271458794]
[0.99216641271458794, 0.99216641271458794, 1.0001903575399502]
[0.99216641271458794, 0.99216641271458794, 1.0001903575399502, 0.96773350918698742]
[0.99216641271458794, 0.99216641271458794, 1.0001903575399502, 0.96773350918698742, 0.91444151469579171]
[0.99216641271458794, 0.99216641271458794, 1.0001903575399502, 0.96773350918698742, 0.91444151469579171, 0.830716153565908]
[0.99216641271458794, 0.99216641271458794, 1.0001903575399502, 0.96773350918698742, 0.91444151469579171, 0.830716153565908, 0.82546318876887859]
Average Selection iterations
23.0
SUFFICIENT STATS
190
Recall
0.4
Precision
0.8
F1-score
0.533333333333
Correctly re-ordered
0.0
N/A
//////
0.025
0.028125
[0.97240727109839775]
[0.97240727109839775, 0.97240727109839775, 0.98539257260732416]
[0.97240727109839775, 0.97240727109839775, 0.98539257260732416, 0.94354924404960694]
[0.97240727109839775, 0.97240727109839775, 0.98539257260732416, 0.94354924404960694, 0.88942901828518206]
[0.97240727109839775, 0.97240727109839775, 0.98539257260732416, 0.94354924404960694, 0.88942901828518206, 0.83757941178981543]
[0.97240727109839775, 0.97240727109839775, 0.98539257260732416, 0.94354924404960694, 0.88942901828518206, 0.83757941178981543, 0.82482762062998871]
Average Selection iterations
23.0
SUFFICIENT STATS
190
Recall
0.4
Precision
0.8
F1-score
0.533333333333
Correctly re-ordered
0.0
N/A
//////
0.025
0.0275
[0.96410186182367041]
[0.96410186182367041, 0.96410186182367041, 0.95802234828299104]
[0.96410186182367041, 0.96410186182367041, 0.95802234828299104, 0.93659531423148368]
[0.96410186182367041, 0.96410186182367041, 0.95802234828299104, 0.93659531423148368, 0.87318419543498538]
[0.96410186182367041, 0.96410186182367041, 0.95802234828299104, 0.93659531423148368, 0.87318419543498538, 0.81749923977855055]
[0.96410186182367041, 0.96410186182367041, 0.95802234828299104, 0.93659531423148368, 0.87318419543498538, 0.81749923977855055, 0.78112349192323738]
Average Selection iterations
23.0
SUFFICIENT STATS
190
Recall
0.4
Precision
0.8
F1-score
0.533333333333
Correctly re-ordered
0.0
N/A
//////
0.025
0.02625
[0.92567885102792913]
[0.92567885102792913, 0.92567885102792913, 0.93273300818350313]
[0.92567885102792913, 0.92567885102792913, 0.93273300818350313, 0.88867234914899906]
[0.92567885102792913, 0.92567885102792913, 0.93273300818350313, 0.88867234914899906, 0.87193748715291275]
[0.92567885102792913, 0.92567885102792913, 0.93273300818350313, 0.88867234914899906, 0.87193748715291275, 0.82019970199530412]
[0.92567885102792913, 0.92567885102792913, 0.93273300818350313, 0.88867234914899906, 0.87193748715291275, 0.82019970199530412, 0.75040571483229079]
Average Selection iterations
23.0
SUFFICIENT STATS
190
Recall
0.4
Precision
0.8
F1-score
0.533333333333
Correctly re-ordered
0.0
N/A
//////
0.025
0.025
[0.91359321130851368]
[0.91359321130851368, 0.91359321130851368, 0.9095353408894411]
[0.91359321130851368, 0.91359321130851368, 0.9095353408894411, 0.87060811059884724]
[0.91359321130851368, 0.91359321130851368, 0.9095353408894411, 0.87060811059884724, 0.81717208404714936]
[0.91359321130851368, 0.91359321130851368, 0.9095353408894411, 0.87060811059884724, 0.81717208404714936, 0.75918303007079757]
[0.91359321130851368, 0.91359321130851368, 0.9095353408894411, 0.87060811059884724, 0.81717208404714936, 0.75918303007079757, 0.71582798546873949]
Average Selection iterations
23.0
SUFFICIENT STATS
190
Recall
0.4
Precision
0.8
F1-score
0.533333333333
Correctly re-ordered
0.0
N/A
>>>>>>>>>>>>>>>>>>>>>METHOD: queue
[1.0364077139600862]
[1.0364077139600862, 1.0364077139600862, 1.0276812894415475]
[1.0364077139600862, 1.0364077139600862, 1.0276812894415475, 0.99372378974494657]
[1.0364077139600862, 1.0364077139600862, 1.0276812894415475, 0.99372378974494657, 0.99039367642644738]
[1.0364077139600862, 1.0364077139600862, 1.0276812894415475, 0.99372378974494657, 0.99039367642644738, 0.98267472561707403]
[1.0364077139600862, 1.0364077139600862, 1.0276812894415475, 0.99372378974494657, 0.99039367642644738, 0.98267472561707403, 0.97559224047300364]
[1.0364077139600862, 1.0364077139600862, 1.0276812894415475, 0.99372378974494657, 0.99039367642644738, 0.98267472561707403, 0.97559224047300364, 0.96112014656604972]
[1.0364077139600862, 1.0364077139600862, 1.0276812894415475, 0.99372378974494657, 0.99039367642644738, 0.98267472561707403, 0.97559224047300364, 0.96112014656604972, 0.88554119522505836]
[1.0364077139600862, 1.0364077139600862, 1.0276812894415475, 0.99372378974494657, 0.99039367642644738, 0.98267472561707403, 0.97559224047300364, 0.96112014656604972, 0.88554119522505836, 0.87287415512201283]
[1.0364077139600862, 1.0364077139600862, 1.0276812894415475, 0.99372378974494657, 0.99039367642644738, 0.98267472561707403, 0.97559224047300364, 0.96112014656604972, 0.88554119522505836, 0.87287415512201283, 0.8533484482686523]
Average Selection iterations
76.9090909091
SUFFICIENT STATS
190
Recall
0.7
Precision
0.777777777778
F1-score
0.736842105263
Correctly re-ordered
0.0
N/A
11
11
>>>>>>>>>>>>>>>>>>>>>METHOD: Graft
[23.886774160709596]
[23.886774160709596, 23.886774160709596, 27.133716867744514]
[23.886774160709596, 23.886774160709596, 27.133716867744514, 30.804771896607779]
[23.886774160709596, 23.886774160709596, 27.133716867744514, 30.804771896607779, 34.574683478004836]
[23.886774160709596, 23.886774160709596, 27.133716867744514, 30.804771896607779, 34.574683478004836, 38.36832120270298]
[23.886774160709596, 23.886774160709596, 27.133716867744514, 30.804771896607779, 34.574683478004836, 38.36832120270298, 41.847381940604237]
[23.886774160709596, 23.886774160709596, 27.133716867744514, 30.804771896607779, 34.574683478004836, 38.36832120270298, 41.847381940604237, 43.026565502116753]
[23.886774160709596, 23.886774160709596, 27.133716867744514, 30.804771896607779, 34.574683478004836, 38.36832120270298, 41.847381940604237, 43.026565502116753, 44.18874400438569]
[23.886774160709596, 23.886774160709596, 27.133716867744514, 30.804771896607779, 34.574683478004836, 38.36832120270298, 41.847381940604237, 43.026565502116753, 44.18874400438569, 45.198428786295999]
SUFFICIENT STATS
190
Recall
0.6
Precision
0.75
F1-score
0.666666666667
[(8, 17), (8, 9), (4, 19), (9, 17), (0, 16), (7, 13), (1, 7), (1, 13)]
[0, 0, 0.1, 0.2, 0.3, 0.3, 0.4, 0.4, 0.5, 0.6]
10
10
structured
queue
graft
structured
queue
graft
======================================Simulating data...
> Creating model
> Generating data
ss
ss end
[0, 1, 2, 3, 4, 5, 6, 7, 8, 9, 10, 11, 12, 13, 14, 15, 16, 17, 18, 19, 20, 21, 22, 23, 24, 25, 26, 27, 28, 29]
{0: 5, 1: 5, 2: 5, 3: 5, 4: 5, 5: 5, 6: 5, 7: 5, 8: 5, 9: 5, 10: 5, 11: 5, 12: 5, 13: 5, 14: 5, 15: 5, 16: 5, 17: 5, 18: 5, 19: 5, 20: 5, 21: 5, 22: 5, 23: 5, 24: 5, 25: 5, 26: 5, 27: 5, 28: 5, 29: 5}
5
NUM VARIABLES
30
NUM EDGES
15
EDGES
[(0, 2), (0, 7), (1, 9), (1, 27), (2, 14), (4, 11), (6, 15), (6, 27), (7, 8), (7, 19), (10, 19), (18, 28), (19, 20), (20, 25), (22, 28)]
>>>>>>>>>>>>>>>>>>>>>METHOD: structured
======PARAMS
1e-05
1.1e-05
[28.470451141488837]
[28.470451141488837, 28.470451141488837, 30.186980178791806]
[28.470451141488837, 28.470451141488837, 30.186980178791806, 32.668373956001311]
True
[0, 0, 0.0, 0.0]
[0, 0, 0.0, 0.0]
[(6, 10), (2, 15), (19, 24)]
======PARAMS
2.5e-05
2.75e-05
[28.474300804729516]
[28.474300804729516, 28.474300804729516, 30.19147033538103]
[28.474300804729516, 28.474300804729516, 30.19147033538103, 32.673319599578257]
True
[0, 0, 0.0, 0.0]
[0, 0, 0.0, 0.0]
[(6, 10), (2, 15), (19, 24)]
======PARAMS
5e-05
5.5e-05
[28.480656230673482]
[28.480656230673482, 28.480656230673482, 30.198803363285137]
[28.480656230673482, 28.480656230673482, 30.198803363285137, 32.681374840344269]
True
[0, 0, 0.0, 0.0]
[0, 0, 0.0, 0.0]
[(6, 10), (2, 15), (19, 24)]
======PARAMS
7.5e-05
8.25e-05
[28.486918780495635]
[28.486918780495635, 28.486918780495635, 30.20603275629102]
[28.486918780495635, 28.486918780495635, 30.20603275629102, 32.689308079759002]
True
[0, 0, 0.0, 0.0]
[0, 0, 0.0, 0.0]
[(6, 10), (2, 15), (23, 25)]
======PARAMS
0.0001
0.00011
[28.493128780487954]
[28.493128780487954, 28.493128780487954, 30.213190198991953]
[28.493128780487954, 28.493128780487954, 30.213190198991953, 32.697148893793546]
True
[0, 0, 0.0, 0.0]
[0, 0, 0.0, 0.0]
[(6, 10), (2, 15), (23, 25)]
======PARAMS
0.00025
0.000275
[28.529552432643687]
[28.529552432643687, 28.529552432643687, 30.255144366094761]
[28.529552432643687, 28.529552432643687, 30.255144366094761, 32.743036362050816]
True
[0, 0, 0.0, 0.0]
[0, 0, 0.0, 0.0]
[(6, 10), (2, 15), (23, 25)]
======PARAMS
0.0005
0.00055
[28.588228308078634]
[28.588228308078634, 28.588228308078634, 31.082233070910551]
[28.588228308078634, 28.588228308078634, 31.082233070910551, 34.534826330140689]
True
[0, 0, 0.0, 0.0]
[0, 0, 0.0, 0.0]
[(2, 15), (23, 25), (12, 26)]
======PARAMS
0.00075
0.000825
[28.645206152284583]
[28.645206152284583, 28.645206152284583, 31.145033009763974]
[28.645206152284583, 28.645206152284583, 31.145033009763974, 34.603492633733005]
True
[0, 0, 0.0, 0.0]
[0, 0, 0.0, 0.0]
[(2, 15), (23, 25), (12, 26)]
======PARAMS
0.001
0.0011
[28.700892181608403]
[28.700892181608403, 28.700892181608403, 31.206425004722359]
[28.700892181608403, 28.700892181608403, 31.206425004722359, 34.670576154000294]
True
[0, 0, 0.0, 0.0]
[0, 0, 0.0, 0.0]
[(2, 15), (23, 25), (12, 26)]
======PARAMS
0.0025
0.00275
[29.016999833476]
[29.016999833476, 29.016999833476, 31.028045240905595]
[29.016999833476, 29.016999833476, 31.028045240905595, 32.690769264233793]
[29.016999833476, 29.016999833476, 31.028045240905595, 32.690769264233793, 34.894552794869021]
True
[0, 0, 0.0, 0.06666666666666667, 0.06666666666666667]
[0, 0, 0.0, 0.5, 0.3333333333333333]
[(9, 15), (1, 27), (6, 9), (2, 7)]
======PARAMS
0.005
0.0055
[29.501127038944656]
[29.501127038944656, 29.501127038944656, 31.594481965204302]
[29.501127038944656, 29.501127038944656, 31.594481965204302, 33.370252476949112]
[29.501127038944656, 29.501127038944656, 31.594481965204302, 33.370252476949112, 35.66797554446547]
True
[0, 0, 0.0, 0.06666666666666667, 0.06666666666666667]
[0, 0, 0.0, 0.5, 0.3333333333333333]
[(9, 15), (1, 27), (6, 9), (2, 7)]
======PARAMS
0.0075
0.00825
[29.951704649651525]
[29.951704649651525, 29.951704649651525, 32.120651405386688]
[29.951704649651525, 29.951704649651525, 32.120651405386688, 33.99980020669507]
[29.951704649651525, 29.951704649651525, 32.120651405386688, 33.99980020669507, 36.379198198743019]
True
[0, 0, 0.0, 0.06666666666666667, 0.06666666666666667]
[0, 0, 0.0, 0.5, 0.3333333333333333]
[(9, 15), (1, 27), (6, 9), (2, 7)]
======PARAMS
0.01
0.011
[30.376648274387076]
[30.376648274387076, 30.376648274387076, 32.617875466046392]
[30.376648274387076, 30.376648274387076, 32.617875466046392, 34.598972046886999]
[30.376648274387076, 30.376648274387076, 32.617875466046392, 34.598972046886999, 37.048763621498018]
True
[0, 0, 0.0, 0.06666666666666667, 0.06666666666666667]
[0, 0, 0.0, 0.5, 0.3333333333333333]
[(9, 15), (1, 27), (6, 9), (2, 7)]
======PARAMS
0.025
0.0275
[32.619959886885006]
[32.619959886885006, 32.619959886885006, 35.214827775242327]
[32.619959886885006, 32.619959886885006, 35.214827775242327, 37.682244468064113]
[32.619959886885006, 32.619959886885006, 35.214827775242327, 37.682244468064113, 40.495561809491967]
True
[0, 0, 0.0, 0.06666666666666667, 0.06666666666666667]
[0, 0, 0.0, 0.5, 0.3333333333333333]
[(9, 15), (1, 27), (6, 9), (2, 7)]
======PARAMS
0.05
0.055
[35.68316560565674]
[35.68316560565674, 35.68316560565674, 38.835836750800134]
[35.68316560565674, 35.68316560565674, 38.835836750800134, 42.171688276412709]
[35.68316560565674, 35.68316560565674, 38.835836750800134, 42.171688276412709, 45.505199540356124]
True
[0, 0, 0.06666666666666667, 0.06666666666666667, 0.06666666666666667]
[0, 0, 1.0, 0.5, 0.3333333333333333]
[(1, 27), (2, 7), (7, 14), (8, 14)]
======PARAMS
0.075
0.0825
[38.22995933054171]
[38.22995933054171, 38.22995933054171, 41.777089889822328]
[38.22995933054171, 38.22995933054171, 41.777089889822328, 45.588427401991602]
[38.22995933054171, 38.22995933054171, 41.777089889822328, 45.588427401991602, 49.296851043069147]
True
[0, 0, 0.06666666666666667, 0.06666666666666667, 0.06666666666666667]
[0, 0, 1.0, 0.5, 0.3333333333333333]
[(1, 27), (2, 7), (7, 14), (1, 9)]
======PARAMS
0.1
0.11
[40.3994288399563]
Average Selection iterations
0.0
SUFFICIENT STATS
435
Recall
0
Precision
0
F1-score
0
Correctly re-ordered
0.0
N/A
False
[0, 0]
[0, 0]
[]
#########################################Getting best node reg#################################################
//////
0
0.0
[1.0154179239900707]
[1.0154179239900707, 1.0154179239900707, 1.0154400071503344]
[1.0154179239900707, 1.0154179239900707, 1.0154400071503344, 1.0154305306093891]
//////
0
0.0
[1.0154179239900707]
[1.0154179239900707, 1.0154179239900707, 1.0154400071503344]
[1.0154179239900707, 1.0154179239900707, 1.0154400071503344, 1.0154305306093891]
//////
0
0.0
[1.0154179239900707]
[1.0154179239900707, 1.0154179239900707, 1.0154400071503344]
[1.0154179239900707, 1.0154179239900707, 1.0154400071503344, 1.0154305306093891]
//////
0
0.0
[1.0154179239900707]
[1.0154179239900707, 1.0154179239900707, 1.0154400071503344]
[1.0154179239900707, 1.0154179239900707, 1.0154400071503344, 1.0154305306093891]
//////
0
0.0
[1.0154179239900707]
[1.0154179239900707, 1.0154179239900707, 1.0154400071503344]
[1.0154179239900707, 1.0154179239900707, 1.0154400071503344, 1.0154305306093891]
//////
0
0.0
[1.0154179239900707]
[1.0154179239900707, 1.0154179239900707, 1.0154400071503344]
[1.0154179239900707, 1.0154179239900707, 1.0154400071503344, 1.0154305306093891]
//////
0
0.0
[1.0154179239900707]
[1.0154179239900707, 1.0154179239900707, 1.0154400071503344]
[1.0154179239900707, 1.0154179239900707, 1.0154400071503344, 1.0154305306093891]
//////
0
0.0
[1.0154179239900707]
[1.0154179239900707, 1.0154179239900707, 1.0154400071503344]
[1.0154179239900707, 1.0154179239900707, 1.0154400071503344, 1.0154305306093891]
//////
0
0
[1.0154179239900707]
[1.0154179239900707, 1.0154179239900707, 1.0154400071503344]
[1.0154179239900707, 1.0154179239900707, 1.0154400071503344, 1.0154305306093891]
>>>>>>>>>>>>>>>>>>>>>METHOD: queue
[1.7877318635815189]
[1.7877318635815189, 1.7877318635815189, 1.8164402697337858]
[1.7877318635815189, 1.7877318635815189, 1.8164402697337858, 1.8078191948083391]
[1.7877318635815189, 1.7877318635815189, 1.8164402697337858, 1.8078191948083391, 1.7845548976020138]
[1.7877318635815189, 1.7877318635815189, 1.8164402697337858, 1.8078191948083391, 1.7845548976020138, 1.7526499638249324]
[1.7877318635815189, 1.7877318635815189, 1.8164402697337858, 1.8078191948083391, 1.7845548976020138, 1.7526499638249324, 1.7262262362072029]
[1.7877318635815189, 1.7877318635815189, 1.8164402697337858, 1.8078191948083391, 1.7845548976020138, 1.7526499638249324, 1.7262262362072029, 1.7534504930048964]
[1.7877318635815189, 1.7877318635815189, 1.8164402697337858, 1.8078191948083391, 1.7845548976020138, 1.7526499638249324, 1.7262262362072029, 1.7534504930048964, 1.6824257732342547]
[1.7877318635815189, 1.7877318635815189, 1.8164402697337858, 1.8078191948083391, 1.7845548976020138, 1.7526499638249324, 1.7262262362072029, 1.7534504930048964, 1.6824257732342547, 1.6782324708288276]
[1.7877318635815189, 1.7877318635815189, 1.8164402697337858, 1.8078191948083391, 1.7845548976020138, 1.7526499638249324, 1.7262262362072029, 1.7534504930048964, 1.6824257732342547, 1.6782324708288276, 1.6666575296588169]
[1.7877318635815189, 1.7877318635815189, 1.8164402697337858, 1.8078191948083391, 1.7845548976020138, 1.7526499638249324, 1.7262262362072029, 1.7534504930048964, 1.6824257732342547, 1.6782324708288276, 1.6666575296588169, 1.6369145001012679]
[1.7877318635815189, 1.7877318635815189, 1.8164402697337858, 1.8078191948083391, 1.7845548976020138, 1.7526499638249324, 1.7262262362072029, 1.7534504930048964, 1.6824257732342547, 1.6782324708288276, 1.6666575296588169, 1.6369145001012679, 1.6184225771453906]
[1.7877318635815189, 1.7877318635815189, 1.8164402697337858, 1.8078191948083391, 1.7845548976020138, 1.7526499638249324, 1.7262262362072029, 1.7534504930048964, 1.6824257732342547, 1.6782324708288276, 1.6666575296588169, 1.6369145001012679, 1.6184225771453906, 1.6298558633960876]
[1.7877318635815189, 1.7877318635815189, 1.8164402697337858, 1.8078191948083391, 1.7845548976020138, 1.7526499638249324, 1.7262262362072029, 1.7534504930048964, 1.6824257732342547, 1.6782324708288276, 1.6666575296588169, 1.6369145001012679, 1.6184225771453906, 1.6298558633960876, 1.5943434818886166]
[1.7877318635815189, 1.7877318635815189, 1.8164402697337858, 1.8078191948083391, 1.7845548976020138, 1.7526499638249324, 1.7262262362072029, 1.7534504930048964, 1.6824257732342547, 1.6782324708288276, 1.6666575296588169, 1.6369145001012679, 1.6184225771453906, 1.6298558633960876, 1.5943434818886166, 1.6102809565528859]
[1.7877318635815189, 1.7877318635815189, 1.8164402697337858, 1.8078191948083391, 1.7845548976020138, 1.7526499638249324, 1.7262262362072029, 1.7534504930048964, 1.6824257732342547, 1.6782324708288276, 1.6666575296588169, 1.6369145001012679, 1.6184225771453906, 1.6298558633960876, 1.5943434818886166, 1.6102809565528859, 1.5755792838242704]
[1.7877318635815189, 1.7877318635815189, 1.8164402697337858, 1.8078191948083391, 1.7845548976020138, 1.7526499638249324, 1.7262262362072029, 1.7534504930048964, 1.6824257732342547, 1.6782324708288276, 1.6666575296588169, 1.6369145001012679, 1.6184225771453906, 1.6298558633960876, 1.5943434818886166, 1.6102809565528859, 1.5755792838242704, 1.5912106882319215]
[1.7877318635815189, 1.7877318635815189, 1.8164402697337858, 1.8078191948083391, 1.7845548976020138, 1.7526499638249324, 1.7262262362072029, 1.7534504930048964, 1.6824257732342547, 1.6782324708288276, 1.6666575296588169, 1.6369145001012679, 1.6184225771453906, 1.6298558633960876, 1.5943434818886166, 1.6102809565528859, 1.5755792838242704, 1.5912106882319215, 1.5859908611276177]
[1.7877318635815189, 1.7877318635815189, 1.8164402697337858, 1.8078191948083391, 1.7845548976020138, 1.7526499638249324, 1.7262262362072029, 1.7534504930048964, 1.6824257732342547, 1.6782324708288276, 1.6666575296588169, 1.6369145001012679, 1.6184225771453906, 1.6298558633960876, 1.5943434818886166, 1.6102809565528859, 1.5755792838242704, 1.5912106882319215, 1.5859908611276177, 1.5584582662598039]
[1.7877318635815189, 1.7877318635815189, 1.8164402697337858, 1.8078191948083391, 1.7845548976020138, 1.7526499638249324, 1.7262262362072029, 1.7534504930048964, 1.6824257732342547, 1.6782324708288276, 1.6666575296588169, 1.6369145001012679, 1.6184225771453906, 1.6298558633960876, 1.5943434818886166, 1.6102809565528859, 1.5755792838242704, 1.5912106882319215, 1.5859908611276177, 1.5584582662598039, 1.5699232302565558]
[1.7877318635815189, 1.7877318635815189, 1.8164402697337858, 1.8078191948083391, 1.7845548976020138, 1.7526499638249324, 1.7262262362072029, 1.7534504930048964, 1.6824257732342547, 1.6782324708288276, 1.6666575296588169, 1.6369145001012679, 1.6184225771453906, 1.6298558633960876, 1.5943434818886166, 1.6102809565528859, 1.5755792838242704, 1.5912106882319215, 1.5859908611276177, 1.5584582662598039, 1.5699232302565558, 1.5195203611472807]
[1.7877318635815189, 1.7877318635815189, 1.8164402697337858, 1.8078191948083391, 1.7845548976020138, 1.7526499638249324, 1.7262262362072029, 1.7534504930048964, 1.6824257732342547, 1.6782324708288276, 1.6666575296588169, 1.6369145001012679, 1.6184225771453906, 1.6298558633960876, 1.5943434818886166, 1.6102809565528859, 1.5755792838242704, 1.5912106882319215, 1.5859908611276177, 1.5584582662598039, 1.5699232302565558, 1.5195203611472807, 1.4938124688809329]
[1.7877318635815189, 1.7877318635815189, 1.8164402697337858, 1.8078191948083391, 1.7845548976020138, 1.7526499638249324, 1.7262262362072029, 1.7534504930048964, 1.6824257732342547, 1.6782324708288276, 1.6666575296588169, 1.6369145001012679, 1.6184225771453906, 1.6298558633960876, 1.5943434818886166, 1.6102809565528859, 1.5755792838242704, 1.5912106882319215, 1.5859908611276177, 1.5584582662598039, 1.5699232302565558, 1.5195203611472807, 1.4938124688809329, 1.4808497959512226]
[1.7877318635815189, 1.7877318635815189, 1.8164402697337858, 1.8078191948083391, 1.7845548976020138, 1.7526499638249324, 1.7262262362072029, 1.7534504930048964, 1.6824257732342547, 1.6782324708288276, 1.6666575296588169, 1.6369145001012679, 1.6184225771453906, 1.6298558633960876, 1.5943434818886166, 1.6102809565528859, 1.5755792838242704, 1.5912106882319215, 1.5859908611276177, 1.5584582662598039, 1.5699232302565558, 1.5195203611472807, 1.4938124688809329, 1.4808497959512226, 1.4622172364284298]
[1.7877318635815189, 1.7877318635815189, 1.8164402697337858, 1.8078191948083391, 1.7845548976020138, 1.7526499638249324, 1.7262262362072029, 1.7534504930048964, 1.6824257732342547, 1.6782324708288276, 1.6666575296588169, 1.6369145001012679, 1.6184225771453906, 1.6298558633960876, 1.5943434818886166, 1.6102809565528859, 1.5755792838242704, 1.5912106882319215, 1.5859908611276177, 1.5584582662598039, 1.5699232302565558, 1.5195203611472807, 1.4938124688809329, 1.4808497959512226, 1.4622172364284298, 1.4970039790222329]
[1.7877318635815189, 1.7877318635815189, 1.8164402697337858, 1.8078191948083391, 1.7845548976020138, 1.7526499638249324, 1.7262262362072029, 1.7534504930048964, 1.6824257732342547, 1.6782324708288276, 1.6666575296588169, 1.6369145001012679, 1.6184225771453906, 1.6298558633960876, 1.5943434818886166, 1.6102809565528859, 1.5755792838242704, 1.5912106882319215, 1.5859908611276177, 1.5584582662598039, 1.5699232302565558, 1.5195203611472807, 1.4938124688809329, 1.4808497959512226, 1.4622172364284298, 1.4970039790222329, 1.4840734308640839]
[1.7877318635815189, 1.7877318635815189, 1.8164402697337858, 1.8078191948083391, 1.7845548976020138, 1.7526499638249324, 1.7262262362072029, 1.7534504930048964, 1.6824257732342547, 1.6782324708288276, 1.6666575296588169, 1.6369145001012679, 1.6184225771453906, 1.6298558633960876, 1.5943434818886166, 1.6102809565528859, 1.5755792838242704, 1.5912106882319215, 1.5859908611276177, 1.5584582662598039, 1.5699232302565558, 1.5195203611472807, 1.4938124688809329, 1.4808497959512226, 1.4622172364284298, 1.4970039790222329, 1.4840734308640839, 1.4337346641235298]
[1.7877318635815189, 1.7877318635815189, 1.8164402697337858, 1.8078191948083391, 1.7845548976020138, 1.7526499638249324, 1.7262262362072029, 1.7534504930048964, 1.6824257732342547, 1.6782324708288276, 1.6666575296588169, 1.6369145001012679, 1.6184225771453906, 1.6298558633960876, 1.5943434818886166, 1.6102809565528859, 1.5755792838242704, 1.5912106882319215, 1.5859908611276177, 1.5584582662598039, 1.5699232302565558, 1.5195203611472807, 1.4938124688809329, 1.4808497959512226, 1.4622172364284298, 1.4970039790222329, 1.4840734308640839, 1.4337346641235298, 1.4373902159883258]
[1.7877318635815189, 1.7877318635815189, 1.8164402697337858, 1.8078191948083391, 1.7845548976020138, 1.7526499638249324, 1.7262262362072029, 1.7534504930048964, 1.6824257732342547, 1.6782324708288276, 1.6666575296588169, 1.6369145001012679, 1.6184225771453906, 1.6298558633960876, 1.5943434818886166, 1.6102809565528859, 1.5755792838242704, 1.5912106882319215, 1.5859908611276177, 1.5584582662598039, 1.5699232302565558, 1.5195203611472807, 1.4938124688809329, 1.4808497959512226, 1.4622172364284298, 1.4970039790222329, 1.4840734308640839, 1.4337346641235298, 1.4373902159883258, 1.4326108283494288]
[1.7877318635815189, 1.7877318635815189, 1.8164402697337858, 1.8078191948083391, 1.7845548976020138, 1.7526499638249324, 1.7262262362072029, 1.7534504930048964, 1.6824257732342547, 1.6782324708288276, 1.6666575296588169, 1.6369145001012679, 1.6184225771453906, 1.6298558633960876, 1.5943434818886166, 1.6102809565528859, 1.5755792838242704, 1.5912106882319215, 1.5859908611276177, 1.5584582662598039, 1.5699232302565558, 1.5195203611472807, 1.4938124688809329, 1.4808497959512226, 1.4622172364284298, 1.4970039790222329, 1.4840734308640839, 1.4337346641235298, 1.4373902159883258, 1.4326108283494288, 1.3924613616107693]
[1.7877318635815189, 1.7877318635815189, 1.8164402697337858, 1.8078191948083391, 1.7845548976020138, 1.7526499638249324, 1.7262262362072029, 1.7534504930048964, 1.6824257732342547, 1.6782324708288276, 1.6666575296588169, 1.6369145001012679, 1.6184225771453906, 1.6298558633960876, 1.5943434818886166, 1.6102809565528859, 1.5755792838242704, 1.5912106882319215, 1.5859908611276177, 1.5584582662598039, 1.5699232302565558, 1.5195203611472807, 1.4938124688809329, 1.4808497959512226, 1.4622172364284298, 1.4970039790222329, 1.4840734308640839, 1.4337346641235298, 1.4373902159883258, 1.4326108283494288, 1.3924613616107693, 1.398532889089261]
[1.7877318635815189, 1.7877318635815189, 1.8164402697337858, 1.8078191948083391, 1.7845548976020138, 1.7526499638249324, 1.7262262362072029, 1.7534504930048964, 1.6824257732342547, 1.6782324708288276, 1.6666575296588169, 1.6369145001012679, 1.6184225771453906, 1.6298558633960876, 1.5943434818886166, 1.6102809565528859, 1.5755792838242704, 1.5912106882319215, 1.5859908611276177, 1.5584582662598039, 1.5699232302565558, 1.5195203611472807, 1.4938124688809329, 1.4808497959512226, 1.4622172364284298, 1.4970039790222329, 1.4840734308640839, 1.4337346641235298, 1.4373902159883258, 1.4326108283494288, 1.3924613616107693, 1.398532889089261, 1.391148037676881]
[1.7877318635815189, 1.7877318635815189, 1.8164402697337858, 1.8078191948083391, 1.7845548976020138, 1.7526499638249324, 1.7262262362072029, 1.7534504930048964, 1.6824257732342547, 1.6782324708288276, 1.6666575296588169, 1.6369145001012679, 1.6184225771453906, 1.6298558633960876, 1.5943434818886166, 1.6102809565528859, 1.5755792838242704, 1.5912106882319215, 1.5859908611276177, 1.5584582662598039, 1.5699232302565558, 1.5195203611472807, 1.4938124688809329, 1.4808497959512226, 1.4622172364284298, 1.4970039790222329, 1.4840734308640839, 1.4337346641235298, 1.4373902159883258, 1.4326108283494288, 1.3924613616107693, 1.398532889089261, 1.391148037676881, 1.3626517512698937]
[1.7877318635815189, 1.7877318635815189, 1.8164402697337858, 1.8078191948083391, 1.7845548976020138, 1.7526499638249324, 1.7262262362072029, 1.7534504930048964, 1.6824257732342547, 1.6782324708288276, 1.6666575296588169, 1.6369145001012679, 1.6184225771453906, 1.6298558633960876, 1.5943434818886166, 1.6102809565528859, 1.5755792838242704, 1.5912106882319215, 1.5859908611276177, 1.5584582662598039, 1.5699232302565558, 1.5195203611472807, 1.4938124688809329, 1.4808497959512226, 1.4622172364284298, 1.4970039790222329, 1.4840734308640839, 1.4337346641235298, 1.4373902159883258, 1.4326108283494288, 1.3924613616107693, 1.398532889089261, 1.391148037676881, 1.3626517512698937, 1.3720237220250124]
[1.7877318635815189, 1.7877318635815189, 1.8164402697337858, 1.8078191948083391, 1.7845548976020138, 1.7526499638249324, 1.7262262362072029, 1.7534504930048964, 1.6824257732342547, 1.6782324708288276, 1.6666575296588169, 1.6369145001012679, 1.6184225771453906, 1.6298558633960876, 1.5943434818886166, 1.6102809565528859, 1.5755792838242704, 1.5912106882319215, 1.5859908611276177, 1.5584582662598039, 1.5699232302565558, 1.5195203611472807, 1.4938124688809329, 1.4808497959512226, 1.4622172364284298, 1.4970039790222329, 1.4840734308640839, 1.4337346641235298, 1.4373902159883258, 1.4326108283494288, 1.3924613616107693, 1.398532889089261, 1.391148037676881, 1.3626517512698937, 1.3720237220250124, 1.3675398191317556]
[1.7877318635815189, 1.7877318635815189, 1.8164402697337858, 1.8078191948083391, 1.7845548976020138, 1.7526499638249324, 1.7262262362072029, 1.7534504930048964, 1.6824257732342547, 1.6782324708288276, 1.6666575296588169, 1.6369145001012679, 1.6184225771453906, 1.6298558633960876, 1.5943434818886166, 1.6102809565528859, 1.5755792838242704, 1.5912106882319215, 1.5859908611276177, 1.5584582662598039, 1.5699232302565558, 1.5195203611472807, 1.4938124688809329, 1.4808497959512226, 1.4622172364284298, 1.4970039790222329, 1.4840734308640839, 1.4337346641235298, 1.4373902159883258, 1.4326108283494288, 1.3924613616107693, 1.398532889089261, 1.391148037676881, 1.3626517512698937, 1.3720237220250124, 1.3675398191317556, 1.3385677611602023]
[1.7877318635815189, 1.7877318635815189, 1.8164402697337858, 1.8078191948083391, 1.7845548976020138, 1.7526499638249324, 1.7262262362072029, 1.7534504930048964, 1.6824257732342547, 1.6782324708288276, 1.6666575296588169, 1.6369145001012679, 1.6184225771453906, 1.6298558633960876, 1.5943434818886166, 1.6102809565528859, 1.5755792838242704, 1.5912106882319215, 1.5859908611276177, 1.5584582662598039, 1.5699232302565558, 1.5195203611472807, 1.4938124688809329, 1.4808497959512226, 1.4622172364284298, 1.4970039790222329, 1.4840734308640839, 1.4337346641235298, 1.4373902159883258, 1.4326108283494288, 1.3924613616107693, 1.398532889089261, 1.391148037676881, 1.3626517512698937, 1.3720237220250124, 1.3675398191317556, 1.3385677611602023, 1.3052205158920931]
Average Selection iterations
215.789473684
SUFFICIENT STATS
435
Recall
0.866666666667
Precision
0.361111111111
F1-score
0.509803921569
Correctly re-ordered
0.0
N/A
38
38
>>>>>>>>>>>>>>>>>>>>>METHOD: Graft
[33.086626503062256]
[33.086626503062256, 33.086626503062256, 36.105439981630425]
[33.086626503062256, 33.086626503062256, 36.105439981630425, 38.658379910359947]
[33.086626503062256, 33.086626503062256, 36.105439981630425, 38.658379910359947, 40.988517756262731]
[33.086626503062256, 33.086626503062256, 36.105439981630425, 38.658379910359947, 40.988517756262731, 44.10796744387526]
[33.086626503062256, 33.086626503062256, 36.105439981630425, 38.658379910359947, 40.988517756262731, 44.10796744387526, 47.186144979246031]
[33.086626503062256, 33.086626503062256, 36.105439981630425, 38.658379910359947, 40.988517756262731, 44.10796744387526, 47.186144979246031, 50.040662696818494]
[33.086626503062256, 33.086626503062256, 36.105439981630425, 38.658379910359947, 40.988517756262731, 44.10796744387526, 47.186144979246031, 50.040662696818494, 52.496843967317389]
[33.086626503062256, 33.086626503062256, 36.105439981630425, 38.658379910359947, 40.988517756262731, 44.10796744387526, 47.186144979246031, 50.040662696818494, 52.496843967317389, 55.048863981697444]
[33.086626503062256, 33.086626503062256, 36.105439981630425, 38.658379910359947, 40.988517756262731, 44.10796744387526, 47.186144979246031, 50.040662696818494, 52.496843967317389, 55.048863981697444, 57.822992775985263]
[33.086626503062256, 33.086626503062256, 36.105439981630425, 38.658379910359947, 40.988517756262731, 44.10796744387526, 47.186144979246031, 50.040662696818494, 52.496843967317389, 55.048863981697444, 57.822992775985263, 60.604442632526585]
[33.086626503062256, 33.086626503062256, 36.105439981630425, 38.658379910359947, 40.988517756262731, 44.10796744387526, 47.186144979246031, 50.040662696818494, 52.496843967317389, 55.048863981697444, 57.822992775985263, 60.604442632526585, 63.502848134300478]
[33.086626503062256, 33.086626503062256, 36.105439981630425, 38.658379910359947, 40.988517756262731, 44.10796744387526, 47.186144979246031, 50.040662696818494, 52.496843967317389, 55.048863981697444, 57.822992775985263, 60.604442632526585, 63.502848134300478, 66.635398400882877]
[33.086626503062256, 33.086626503062256, 36.105439981630425, 38.658379910359947, 40.988517756262731, 44.10796744387526, 47.186144979246031, 50.040662696818494, 52.496843967317389, 55.048863981697444, 57.822992775985263, 60.604442632526585, 63.502848134300478, 66.635398400882877, 69.685571315011373]
[33.086626503062256, 33.086626503062256, 36.105439981630425, 38.658379910359947, 40.988517756262731, 44.10796744387526, 47.186144979246031, 50.040662696818494, 52.496843967317389, 55.048863981697444, 57.822992775985263, 60.604442632526585, 63.502848134300478, 66.635398400882877, 69.685571315011373, 72.189770256863554]
[33.086626503062256, 33.086626503062256, 36.105439981630425, 38.658379910359947, 40.988517756262731, 44.10796744387526, 47.186144979246031, 50.040662696818494, 52.496843967317389, 55.048863981697444, 57.822992775985263, 60.604442632526585, 63.502848134300478, 66.635398400882877, 69.685571315011373, 72.189770256863554, 74.864380185729161]
[33.086626503062256, 33.086626503062256, 36.105439981630425, 38.658379910359947, 40.988517756262731, 44.10796744387526, 47.186144979246031, 50.040662696818494, 52.496843967317389, 55.048863981697444, 57.822992775985263, 60.604442632526585, 63.502848134300478, 66.635398400882877, 69.685571315011373, 72.189770256863554, 74.864380185729161, 77.764095728770613]
[33.086626503062256, 33.086626503062256, 36.105439981630425, 38.658379910359947, 40.988517756262731, 44.10796744387526, 47.186144979246031, 50.040662696818494, 52.496843967317389, 55.048863981697444, 57.822992775985263, 60.604442632526585, 63.502848134300478, 66.635398400882877, 69.685571315011373, 72.189770256863554, 74.864380185729161, 77.764095728770613, 80.197541084184991]
[33.086626503062256, 33.086626503062256, 36.105439981630425, 38.658379910359947, 40.988517756262731, 44.10796744387526, 47.186144979246031, 50.040662696818494, 52.496843967317389, 55.048863981697444, 57.822992775985263, 60.604442632526585, 63.502848134300478, 66.635398400882877, 69.685571315011373, 72.189770256863554, 74.864380185729161, 77.764095728770613, 80.197541084184991, 82.855769240821729]
[33.086626503062256, 33.086626503062256, 36.105439981630425, 38.658379910359947, 40.988517756262731, 44.10796744387526, 47.186144979246031, 50.040662696818494, 52.496843967317389, 55.048863981697444, 57.822992775985263, 60.604442632526585, 63.502848134300478, 66.635398400882877, 69.685571315011373, 72.189770256863554, 74.864380185729161, 77.764095728770613, 80.197541084184991, 82.855769240821729, 85.830240340982144]
[33.086626503062256, 33.086626503062256, 36.105439981630425, 38.658379910359947, 40.988517756262731, 44.10796744387526, 47.186144979246031, 50.040662696818494, 52.496843967317389, 55.048863981697444, 57.822992775985263, 60.604442632526585, 63.502848134300478, 66.635398400882877, 69.685571315011373, 72.189770256863554, 74.864380185729161, 77.764095728770613, 80.197541084184991, 82.855769240821729, 85.830240340982144, 88.496050671566877]
[33.086626503062256, 33.086626503062256, 36.105439981630425, 38.658379910359947, 40.988517756262731, 44.10796744387526, 47.186144979246031, 50.040662696818494, 52.496843967317389, 55.048863981697444, 57.822992775985263, 60.604442632526585, 63.502848134300478, 66.635398400882877, 69.685571315011373, 72.189770256863554, 74.864380185729161, 77.764095728770613, 80.197541084184991, 82.855769240821729, 85.830240340982144, 88.496050671566877, 91.408792399119022]
[33.086626503062256, 33.086626503062256, 36.105439981630425, 38.658379910359947, 40.988517756262731, 44.10796744387526, 47.186144979246031, 50.040662696818494, 52.496843967317389, 55.048863981697444, 57.822992775985263, 60.604442632526585, 63.502848134300478, 66.635398400882877, 69.685571315011373, 72.189770256863554, 74.864380185729161, 77.764095728770613, 80.197541084184991, 82.855769240821729, 85.830240340982144, 88.496050671566877, 91.408792399119022, 92.48615707478919]
[33.086626503062256, 33.086626503062256, 36.105439981630425, 38.658379910359947, 40.988517756262731, 44.10796744387526, 47.186144979246031, 50.040662696818494, 52.496843967317389, 55.048863981697444, 57.822992775985263, 60.604442632526585, 63.502848134300478, 66.635398400882877, 69.685571315011373, 72.189770256863554, 74.864380185729161, 77.764095728770613, 80.197541084184991, 82.855769240821729, 85.830240340982144, 88.496050671566877, 91.408792399119022, 92.48615707478919, 93.50402253405835]
[33.086626503062256, 33.086626503062256, 36.105439981630425, 38.658379910359947, 40.988517756262731, 44.10796744387526, 47.186144979246031, 50.040662696818494, 52.496843967317389, 55.048863981697444, 57.822992775985263, 60.604442632526585, 63.502848134300478, 66.635398400882877, 69.685571315011373, 72.189770256863554, 74.864380185729161, 77.764095728770613, 80.197541084184991, 82.855769240821729, 85.830240340982144, 88.496050671566877, 91.408792399119022, 92.48615707478919, 93.50402253405835, 94.909040605032089]
[33.086626503062256, 33.086626503062256, 36.105439981630425, 38.658379910359947, 40.988517756262731, 44.10796744387526, 47.186144979246031, 50.040662696818494, 52.496843967317389, 55.048863981697444, 57.822992775985263, 60.604442632526585, 63.502848134300478, 66.635398400882877, 69.685571315011373, 72.189770256863554, 74.864380185729161, 77.764095728770613, 80.197541084184991, 82.855769240821729, 85.830240340982144, 88.496050671566877, 91.408792399119022, 92.48615707478919, 93.50402253405835, 94.909040605032089, 95.946135767209697]
[33.086626503062256, 33.086626503062256, 36.105439981630425, 38.658379910359947, 40.988517756262731, 44.10796744387526, 47.186144979246031, 50.040662696818494, 52.496843967317389, 55.048863981697444, 57.822992775985263, 60.604442632526585, 63.502848134300478, 66.635398400882877, 69.685571315011373, 72.189770256863554, 74.864380185729161, 77.764095728770613, 80.197541084184991, 82.855769240821729, 85.830240340982144, 88.496050671566877, 91.408792399119022, 92.48615707478919, 93.50402253405835, 94.909040605032089, 95.946135767209697, 97.3662114847384]
[33.086626503062256, 33.086626503062256, 36.105439981630425, 38.658379910359947, 40.988517756262731, 44.10796744387526, 47.186144979246031, 50.040662696818494, 52.496843967317389, 55.048863981697444, 57.822992775985263, 60.604442632526585, 63.502848134300478, 66.635398400882877, 69.685571315011373, 72.189770256863554, 74.864380185729161, 77.764095728770613, 80.197541084184991, 82.855769240821729, 85.830240340982144, 88.496050671566877, 91.408792399119022, 92.48615707478919, 93.50402253405835, 94.909040605032089, 95.946135767209697, 97.3662114847384, 98.345080994990937]
[33.086626503062256, 33.086626503062256, 36.105439981630425, 38.658379910359947, 40.988517756262731, 44.10796744387526, 47.186144979246031, 50.040662696818494, 52.496843967317389, 55.048863981697444, 57.822992775985263, 60.604442632526585, 63.502848134300478, 66.635398400882877, 69.685571315011373, 72.189770256863554, 74.864380185729161, 77.764095728770613, 80.197541084184991, 82.855769240821729, 85.830240340982144, 88.496050671566877, 91.408792399119022, 92.48615707478919, 93.50402253405835, 94.909040605032089, 95.946135767209697, 97.3662114847384, 98.345080994990937, 99.377722704840892]
[33.086626503062256, 33.086626503062256, 36.105439981630425, 38.658379910359947, 40.988517756262731, 44.10796744387526, 47.186144979246031, 50.040662696818494, 52.496843967317389, 55.048863981697444, 57.822992775985263, 60.604442632526585, 63.502848134300478, 66.635398400882877, 69.685571315011373, 72.189770256863554, 74.864380185729161, 77.764095728770613, 80.197541084184991, 82.855769240821729, 85.830240340982144, 88.496050671566877, 91.408792399119022, 92.48615707478919, 93.50402253405835, 94.909040605032089, 95.946135767209697, 97.3662114847384, 98.345080994990937, 99.377722704840892, 100.44817788326465]
[33.086626503062256, 33.086626503062256, 36.105439981630425, 38.658379910359947, 40.988517756262731, 44.10796744387526, 47.186144979246031, 50.040662696818494, 52.496843967317389, 55.048863981697444, 57.822992775985263, 60.604442632526585, 63.502848134300478, 66.635398400882877, 69.685571315011373, 72.189770256863554, 74.864380185729161, 77.764095728770613, 80.197541084184991, 82.855769240821729, 85.830240340982144, 88.496050671566877, 91.408792399119022, 92.48615707478919, 93.50402253405835, 94.909040605032089, 95.946135767209697, 97.3662114847384, 98.345080994990937, 99.377722704840892, 100.44817788326465, 101.77465154634768]
[33.086626503062256, 33.086626503062256, 36.105439981630425, 38.658379910359947, 40.988517756262731, 44.10796744387526, 47.186144979246031, 50.040662696818494, 52.496843967317389, 55.048863981697444, 57.822992775985263, 60.604442632526585, 63.502848134300478, 66.635398400882877, 69.685571315011373, 72.189770256863554, 74.864380185729161, 77.764095728770613, 80.197541084184991, 82.855769240821729, 85.830240340982144, 88.496050671566877, 91.408792399119022, 92.48615707478919, 93.50402253405835, 94.909040605032089, 95.946135767209697, 97.3662114847384, 98.345080994990937, 99.377722704840892, 100.44817788326465, 101.77465154634768, 103.10541362793418]
[33.086626503062256, 33.086626503062256, 36.105439981630425, 38.658379910359947, 40.988517756262731, 44.10796744387526, 47.186144979246031, 50.040662696818494, 52.496843967317389, 55.048863981697444, 57.822992775985263, 60.604442632526585, 63.502848134300478, 66.635398400882877, 69.685571315011373, 72.189770256863554, 74.864380185729161, 77.764095728770613, 80.197541084184991, 82.855769240821729, 85.830240340982144, 88.496050671566877, 91.408792399119022, 92.48615707478919, 93.50402253405835, 94.909040605032089, 95.946135767209697, 97.3662114847384, 98.345080994990937, 99.377722704840892, 100.44817788326465, 101.77465154634768, 103.10541362793418, 104.56132209516581]
[33.086626503062256, 33.086626503062256, 36.105439981630425, 38.658379910359947, 40.988517756262731, 44.10796744387526, 47.186144979246031, 50.040662696818494, 52.496843967317389, 55.048863981697444, 57.822992775985263, 60.604442632526585, 63.502848134300478, 66.635398400882877, 69.685571315011373, 72.189770256863554, 74.864380185729161, 77.764095728770613, 80.197541084184991, 82.855769240821729, 85.830240340982144, 88.496050671566877, 91.408792399119022, 92.48615707478919, 93.50402253405835, 94.909040605032089, 95.946135767209697, 97.3662114847384, 98.345080994990937, 99.377722704840892, 100.44817788326465, 101.77465154634768, 103.10541362793418, 104.56132209516581, 106.05014339440849]
SUFFICIENT STATS
435
Recall
0.866666666667
Precision
0.393939393939
F1-score
0.541666666667
[(2, 14), (0, 7), (1, 9), (0, 2), (0, 14), (2, 7), (7, 8), (1, 27), (7, 14), (9, 27), (0, 8), (2, 8), (8, 14), (6, 15), (15, 27), (6, 27), (1, 15), (9, 15), (4, 11), (1, 6), (6, 9), (18, 28), (18, 19), (18, 22), (18, 20), (22, 28), (19, 20), (20, 28), (19, 28), (20, 22), (19, 22), (10, 20), (10, 19)]
[0, 0, 0.06666666666666667, 0.13333333333333333, 0.2, 0.26666666666666666, 0.26666666666666666, 0.26666666666666666, 0.3333333333333333, 0.4, 0.4, 0.4, 0.4, 0.4, 0.4, 0.4666666666666667, 0.4666666666666667, 0.5333333333333333, 0.5333333333333333, 0.5333333333333333, 0.6, 0.6, 0.6, 0.6666666666666666, 0.6666666666666666, 0.6666666666666666, 0.6666666666666666, 0.7333333333333333, 0.8, 0.8, 0.8, 0.8, 0.8, 0.8, 0.8666666666666667]
35
35
structured
Traceback (most recent call last):
  File "compare_methods_opt.py", line 416, in <module>
    main()
  File "compare_methods_opt.py", line 394, in main
    ax1.plot(M_time_stamps[METHODS[i]], f1_scores[METHODS[i]], METHOD_COLORS[METHODS[i]], linewidth=1, linestyle=':', marker='o', label='F1-'+METHODS[i])
KeyError: 'structured'
