================================= ///////////////////START//////////////// =========================================
======================================Simulating data...
> Creating model
[[  7.37861759   6.44995516   5.73432452  14.87693849]
 [  8.72586955   8.90481425   6.8680116   11.94372589]
 [  5.96525538   9.4681493    7.7613336   10.96725624]
 [  8.72298716   7.04841954   9.92954443  11.07082968]]
[7.3786175873322684, 6.4499551570525622, 5.7343245234374685, 14.876938488079475, 8.725869545620867, 8.9048142459720339, 6.8680115998751843, 11.943725889579776, 5.9652553811051217, 9.4681492994650789, 7.7613335970158115, 10.967256244648155, 8.7229871560778172, 7.0484195396939695, 9.9295444291533634, 11.070829676326044]
[[ 12.84850171   6.91293545  11.0058541    8.28797477]
 [  7.82300713   8.55287584   9.22111867  10.14041336]
 [  7.0871254   12.25206622  11.1641561    6.15939078]
 [ 13.72063048  14.73972294  12.94694893   9.55018791]]
[12.848501711358251, 6.912935449115869, 11.005854102943873, 8.2879747726492177, 7.8230071270452957, 8.552875838088962, 9.2211186696815677, 10.140413355574363, 7.0871253980416089, 12.252066217385469, 11.164156099326149, 6.1593907843069404, 13.720630484489, 14.739722940076458, 12.946948927899127, 9.5501879104691234]
> Generating data
0
{0: 0.2576, 1: 0.2468, 2: 0.2534, 3: 0.2422}
1
{0: 0.2474, 1: 0.2468, 2: 0.2468, 3: 0.259}
2
{0: 0.2546, 1: 0.2482, 2: 0.2506, 3: 0.2466}
3
{0: 0.9154, 1: 0.0122, 2: 0.039, 3: 0.0334}
4
{0: 0.2472, 1: 0.2478, 2: 0.2518, 3: 0.2532}
5
{0: 0.249, 1: 0.2498, 2: 0.2562, 3: 0.245}
6
{0: 0.0, 1: 0.0004, 2: 0.0044, 3: 0.9952}
7
{0: 0.2536, 1: 0.2464, 2: 0.2476, 3: 0.2524}
8
{0: 0.2422, 1: 0.2576, 2: 0.248, 3: 0.2522}
9
{0: 0.8728, 1: 0.1048, 2: 0.0178, 3: 0.0046}
(0, 1)
{(0, 1): (0.0638, 0.06357568), (1, 2): (0.062, 0.06091024), (3, 2): (0.062, 0.059774959999999995), (0, 0): (0.065, 0.06373024000000001), (3, 3): (0.0652, 0.0627298), (3, 0): (0.0576, 0.05992028), (3, 1): (0.0574, 0.059774959999999995), (2, 1): (0.061, 0.06253912), (0, 2): (0.061, 0.06357568), (2, 0): (0.0648, 0.06269116000000001), (1, 3): (0.0602, 0.0639212), (2, 3): (0.0658, 0.06563060000000001), (2, 2): (0.0618, 0.06253912), (1, 0): (0.06, 0.06105832), (0, 3): (0.0678, 0.0667184), (1, 1): (0.0646, 0.06091024)}
(0, 2)
{(0, 1): (0.0668, 0.06393632), (1, 2): (0.0658, 0.06184807999999999), (3, 2): (0.0598, 0.06069532), (0, 0): (0.0678, 0.06558496), (3, 3): (0.0572, 0.059726520000000005), (3, 0): (0.064, 0.061664119999999996), (3, 1): (0.0612, 0.06011404), (2, 1): (0.0638, 0.06289388), (0, 2): (0.0614, 0.06455456), (2, 0): (0.062, 0.06451564), (1, 3): (0.0638, 0.06086088), (2, 3): (0.064, 0.062488440000000006), (2, 2): (0.0636, 0.06350204), (1, 0): (0.0608, 0.06283528), (0, 3): (0.0616, 0.06352416), (1, 1): (0.0564, 0.06125576)}
(0, 3)
{(0, 1): (0.0038, 0.0031427200000000003), (1, 2): (0.0124, 0.0096252), (3, 2): (0.0106, 0.0094458), (0, 0): (0.2368, 0.23580704), (3, 3): (0.007, 0.00808948), (3, 0): (0.2212, 0.22170988), (3, 1): (0.0034, 0.0029548400000000002), (2, 1): (0.0034, 0.00309148), (0, 2): (0.0076, 0.0100464), (2, 0): (0.2328, 0.23196236), (1, 3): (0.0082, 0.00824312), (2, 3): (0.0088, 0.00846356), (2, 2): (0.0084, 0.0098826), (1, 0): (0.2246, 0.22592072), (0, 3): (0.0094, 0.00860384), (1, 1): (0.0016, 0.00301096)}
(0, 4)
{(0, 1): (0.0694, 0.06383327999999999), (1, 2): (0.06, 0.06214424), (3, 2): (0.061, 0.060985960000000006), (0, 0): (0.061, 0.06367872), (3, 3): (0.061, 0.06132504), (3, 0): (0.0592, 0.05987184), (3, 1): (0.061, 0.06001716), (2, 1): (0.06, 0.06279252), (0, 2): (0.0618, 0.06486368), (2, 0): (0.066, 0.06264048), (1, 3): (0.0684, 0.06248975999999999), (2, 3): (0.0584, 0.06416088), (2, 2): (0.069, 0.06380612000000001), (1, 0): (0.061, 0.06100896), (0, 3): (0.0654, 0.06522431999999999), (1, 1): (0.0574, 0.061157039999999996)}
(0, 5)
{(0, 1): (0.0634, 0.06434848), (1, 2): (0.0644, 0.06323016), (3, 2): (0.0594, 0.06205164), (0, 0): (0.0608, 0.0641424), (3, 3): (0.0594, 0.059338999999999996), (3, 0): (0.0642, 0.0603078), (3, 1): (0.0592, 0.060501559999999996), (2, 1): (0.0658, 0.06329932), (0, 2): (0.0702, 0.06599711999999999), (2, 0): (0.0638, 0.0630966), (1, 3): (0.0608, 0.060466), (2, 3): (0.0616, 0.062083), (2, 2): (0.0622, 0.06492108), (1, 0): (0.0602, 0.0614532), (0, 3): (0.0632, 0.063112), (1, 1): (0.0614, 0.06165064)}
(0, 6)
{(0, 1): (0.0002, 0.00010304), (1, 2): (0.0004, 0.00108592), (3, 2): (0.0016, 0.00106568), (0, 0): (0.0, 0.0), (3, 3): (0.2404, 0.24103744), (3, 0): (0.0, 0.0), (3, 1): (0.0002, 9.688000000000001e-05), (2, 1): (0.0, 0.00010136), (0, 2): (0.0016, 0.00113344), (2, 0): (0.0, 0.0), (1, 3): (0.2464, 0.24561535999999998), (2, 3): (0.2526, 0.25218368), (2, 2): (0.0008, 0.0011149600000000001), (1, 0): (0.0, 0.0), (0, 3): (0.2558, 0.25636352), (1, 1): (0.0, 9.872e-05)}
(0, 7)
{(0, 1): (0.0722, 0.06347264), (1, 2): (0.0596, 0.06110768), (3, 2): (0.0642, 0.059968719999999996), (0, 0): (0.0672, 0.06532736), (3, 3): (0.0654, 0.06113128), (3, 0): (0.0576, 0.06142192), (3, 1): (0.055, 0.05967808), (2, 1): (0.0608, 0.06243776000000001), (0, 2): (0.0596, 0.06378175999999999), (2, 0): (0.0624, 0.06426224), (1, 3): (0.0624, 0.06229232), (2, 3): (0.066, 0.06395816), (2, 2): (0.0642, 0.06274184000000001), (1, 0): (0.0664, 0.06258848), (0, 3): (0.0586, 0.06501824), (1, 1): (0.0584, 0.06081152)}
(0, 8)
{(0, 1): (0.0664, 0.06635776), (1, 2): (0.0604, 0.061206399999999994), (3, 2): (0.0578, 0.0600656), (0, 0): (0.0634, 0.06239072), (3, 3): (0.0646, 0.06108283999999999), (3, 0): (0.0558, 0.05866084), (3, 1): (0.064, 0.06239072), (2, 1): (0.064, 0.06527584), (0, 2): (0.0662, 0.06388479999999999), (2, 0): (0.0604, 0.06137348), (1, 3): (0.0606, 0.06224295999999999), (2, 3): (0.0654, 0.06390748), (2, 2): (0.0636, 0.0628432), (1, 0): (0.0626, 0.059774959999999995), (0, 3): (0.0616, 0.06496671999999999), (1, 1): (0.0632, 0.06357568)}
(0, 9)
{(0, 1): (0.025, 0.02699648), (1, 2): (0.0048, 0.00439304), (3, 2): (0.0048, 0.00431116), (0, 0): (0.2276, 0.22483328), (3, 3): (0.001, 0.00111412), (3, 0): (0.2102, 0.21139216), (3, 1): (0.0262, 0.025382560000000002), (2, 1): (0.027, 0.02655632), (0, 2): (0.003, 0.00458528), (2, 0): (0.2204, 0.22116752), (1, 3): (0.0008, 0.00113528), (2, 3): (0.0008, 0.0011656400000000001), (2, 2): (0.0052, 0.0045105200000000005), (1, 0): (0.2146, 0.21540704), (0, 3): (0.002, 0.0011849599999999999), (1, 1): (0.0266, 0.02586464)}
(1, 2)
{(0, 1): (0.0612, 0.06140468), (1, 2): (0.0646, 0.06184807999999999), (3, 2): (0.0622, 0.0649054), (0, 0): (0.0622, 0.06298804), (3, 3): (0.067, 0.0638694), (3, 0): (0.064, 0.0659414), (3, 1): (0.0658, 0.0642838), (2, 1): (0.0596, 0.06125576), (0, 2): (0.0648, 0.06199844), (2, 0): (0.066, 0.06283528), (1, 3): (0.0582, 0.06086088), (2, 3): (0.0622, 0.06086088), (2, 2): (0.059, 0.06184807999999999), (1, 0): (0.0624, 0.06283528), (0, 3): (0.0592, 0.06100884000000001), (1, 1): (0.0616, 0.06125576)}
(1, 3)
{(0, 1): (0.0034, 0.0030182800000000004), (1, 2): (0.0106, 0.0096252), (3, 2): (0.0108, 0.010101), (0, 0): (0.2258, 0.22646996), (3, 3): (0.009, 0.0086506), (3, 0): (0.2364, 0.2370886), (3, 1): (0.0028, 0.0031598000000000004), (2, 1): (0.002, 0.00301096), (0, 2): (0.0094, 0.0096486), (2, 0): (0.229, 0.22592072), (1, 3): (0.008, 0.00824312), (2, 3): (0.0076, 0.00824312), (2, 2): (0.0082, 0.0096252), (1, 0): (0.2242, 0.22592072), (0, 3): (0.0088, 0.00826316), (1, 1): (0.004, 0.00301096)}
(1, 4)
{(0, 1): (0.0592, 0.06130572), (1, 2): (0.0606, 0.06214424), (3, 2): (0.0636, 0.0652162), (0, 0): (0.063, 0.06115728), (3, 3): (0.063, 0.06557879999999999), (3, 0): (0.0642, 0.0640248), (3, 1): (0.0682, 0.0641802), (2, 1): (0.057, 0.061157039999999996), (0, 2): (0.0608, 0.06229532000000001), (2, 0): (0.0628, 0.06100896), (1, 3): (0.0656, 0.06248975999999999), (2, 3): (0.0602, 0.06248975999999999), (2, 2): (0.0668, 0.06214424), (1, 0): (0.0572, 0.06100896), (0, 3): (0.0644, 0.06264167999999999), (1, 1): (0.0634, 0.061157039999999996)}
(1, 5)
{(0, 1): (0.0652, 0.06180052), (1, 2): (0.0664, 0.06323016), (3, 2): (0.0648, 0.06635579999999999), (0, 0): (0.0584, 0.0616026), (3, 3): (0.062, 0.063455), (3, 0): (0.0664, 0.064491), (3, 1): (0.0658, 0.0646982), (2, 1): (0.064, 0.06165064), (0, 2): (0.0626, 0.06338388), (2, 0): (0.0622, 0.0614532), (1, 3): (0.0636, 0.060466), (2, 3): (0.0582, 0.060466), (2, 2): (0.0624, 0.06323016), (1, 0): (0.062, 0.0614532), (0, 3): (0.0612, 0.060613), (1, 1): (0.0548, 0.06165064)}
(1, 6)
{(0, 1): (0.0002, 9.896000000000001e-05), (1, 2): (0.0012, 0.00108592), (3, 2): (0.0012, 0.0011396000000000002), (0, 0): (0.0, 0.0), (3, 3): (0.2576, 0.2577568), (3, 0): (0.0, 0.0), (3, 1): (0.0002, 0.00010360000000000001), (2, 1): (0.0, 9.872e-05), (0, 2): (0.0012, 0.0010885600000000001), (2, 0): (0.0, 0.0), (1, 3): (0.2456, 0.24561535999999998), (2, 3): (0.246, 0.24561535999999998), (2, 2): (0.0008, 0.00108592), (1, 0): (0.0, 0.0), (0, 3): (0.246, 0.24621248), (1, 1): (0.0, 9.872e-05)}
(1, 7)
{(0, 1): (0.0624, 0.060959360000000004), (1, 2): (0.064, 0.06110768), (3, 2): (0.066, 0.0641284), (0, 0): (0.0626, 0.06274064), (3, 3): (0.0658, 0.0653716), (3, 0): (0.0664, 0.0656824), (3, 1): (0.0608, 0.0638176), (2, 1): (0.064, 0.06081152), (0, 2): (0.0596, 0.061256239999999997), (2, 0): (0.065, 0.06258848), (1, 3): (0.064, 0.06229232), (2, 3): (0.0598, 0.06229232), (2, 2): (0.058, 0.06110768), (1, 0): (0.0596, 0.06258848), (0, 3): (0.0628, 0.06244376000000001), (1, 1): (0.0592, 0.06081152)}
(1, 8)
{(0, 1): (0.064, 0.06373024000000001), (1, 2): (0.0622, 0.061206399999999994), (3, 2): (0.0624, 0.064232), (0, 0): (0.0578, 0.05992028), (3, 3): (0.0644, 0.0653198), (3, 0): (0.0656, 0.0627298), (3, 1): (0.0666, 0.0667184), (2, 1): (0.0648, 0.06357568), (0, 2): (0.0634, 0.0613552), (2, 0): (0.0576, 0.059774959999999995), (1, 3): (0.0612, 0.06224295999999999), (2, 3): (0.0644, 0.06224295999999999), (2, 2): (0.06, 0.061206399999999994), (1, 0): (0.0612, 0.059774959999999995), (0, 3): (0.0622, 0.062394279999999996), (1, 1): (0.0622, 0.06357568)}
(1, 9)
{(0, 1): (0.0288, 0.025927520000000003), (1, 2): (0.0054, 0.00439304), (3, 2): (0.0046, 0.0046102), (0, 0): (0.2138, 0.21593072000000002), (3, 3): (0.0018, 0.0011914), (3, 0): (0.2258, 0.2260552), (3, 1): (0.0268, 0.027143200000000003), (2, 1): (0.025, 0.02586464), (0, 2): (0.0034, 0.00440372), (2, 0): (0.2168, 0.21540704), (1, 3): (0.0008, 0.00113528), (2, 3): (0.0006, 0.00113528), (2, 2): (0.0044, 0.00439304), (1, 0): (0.2164, 0.21540704), (0, 3): (0.0014, 0.00113804), (1, 1): (0.0242, 0.02586464)}
(2, 3)
{(0, 1): (0.0032, 0.00310612), (1, 2): (0.0086, 0.0096798), (3, 2): (0.0088, 0.0096174), (0, 0): (0.232, 0.23306084), (3, 3): (0.009, 0.00823644), (3, 0): (0.2262, 0.22573764000000002), (3, 1): (0.0026, 0.00300852), (2, 1): (0.0026, 0.00305732), (0, 2): (0.012, 0.0099294), (2, 0): (0.2304, 0.22939923999999998), (1, 3): (0.009, 0.00828988), (2, 3): (0.008, 0.008370039999999999), (2, 2): (0.0096, 0.0097734), (1, 0): (0.2268, 0.22720228), (0, 3): (0.0074, 0.00850364), (1, 1): (0.0038, 0.00302804)}
(2, 4)
{(0, 1): (0.0642, 0.06308988), (1, 2): (0.0588, 0.062496760000000005), (3, 2): (0.0636, 0.06209388000000001), (0, 0): (0.064, 0.06293712), (3, 3): (0.065, 0.06243912), (3, 0): (0.0622, 0.06095952), (3, 1): (0.0558, 0.06110748), (2, 1): (0.065, 0.062098679999999996), (0, 2): (0.0652, 0.06410828), (2, 0): (0.0602, 0.06194832), (1, 3): (0.0658, 0.06284424), (2, 3): (0.0612, 0.06345192), (2, 2): (0.0642, 0.06310108), (1, 0): (0.0608, 0.06135504), (0, 3): (0.0612, 0.06446471999999999), (1, 1): (0.0628, 0.061503959999999996)}
(2, 5)
{(0, 1): (0.0636, 0.06359908), (1, 2): (0.0616, 0.06358884), (3, 2): (0.0628, 0.06317892), (0, 0): (0.062, 0.0633954), (3, 3): (0.0622, 0.060417000000000005), (3, 0): (0.0622, 0.061403400000000004), (3, 1): (0.0594, 0.061600680000000005), (2, 1): (0.0624, 0.06259988), (0, 2): (0.0686, 0.06522852), (2, 0): (0.0648, 0.062399399999999994), (1, 3): (0.0622, 0.060809), (2, 3): (0.0602, 0.06139699999999999), (2, 2): (0.0632, 0.06420371999999999), (1, 0): (0.06, 0.061801800000000004), (0, 3): (0.0604, 0.062376999999999995), (1, 1): (0.0644, 0.06200036)}
(2, 6)
{(0, 1): (0.0002, 0.00010184), (1, 2): (0.0016, 0.00109208), (3, 2): (0.0012, 0.0010850400000000002), (0, 0): (0.0, 0.0), (3, 3): (0.2454, 0.24541632), (3, 0): (0.0, 0.0), (3, 1): (0.0, 9.864e-05), (2, 1): (0.0002, 0.00010024), (0, 2): (0.0008, 0.00112024), (2, 0): (0.0, 0.0), (1, 3): (0.2466, 0.24700864), (2, 3): (0.2496, 0.24939711999999997), (2, 2): (0.0008, 0.00110264), (1, 0): (0.0, 0.0), (0, 3): (0.2536, 0.25337792), (1, 1): (0.0, 9.928000000000001e-05)}
(2, 7)
{(0, 1): (0.0604, 0.06273344), (1, 2): (0.0652, 0.06145432), (3, 2): (0.057, 0.06105816), (0, 0): (0.0638, 0.06456656), (3, 3): (0.0628, 0.06224184000000001), (3, 0): (0.0646, 0.06253776), (3, 1): (0.0622, 0.06076224), (2, 1): (0.0608, 0.06174784), (0, 2): (0.0602, 0.06303895999999999), (2, 0): (0.065, 0.06355216), (1, 3): (0.0598, 0.06264568000000001), (2, 3): (0.0596, 0.06325144), (2, 2): (0.0652, 0.062048559999999996), (1, 0): (0.0602, 0.06294352), (0, 3): (0.0702, 0.06426104), (1, 1): (0.063, 0.061156480000000006)}
(2, 8)
{(0, 1): (0.0606, 0.06558496), (1, 2): (0.0632, 0.0615536), (3, 2): (0.055, 0.061156800000000004), (0, 0): (0.0638, 0.061664119999999996), (3, 3): (0.0672, 0.06219252), (3, 0): (0.0606, 0.059726520000000005), (3, 1): (0.0638, 0.06352416), (2, 1): (0.0684, 0.06455456), (0, 2): (0.0684, 0.0631408), (2, 0): (0.0558, 0.06069532), (1, 3): (0.0582, 0.06259603999999999), (2, 3): (0.065, 0.06320131999999999), (2, 2): (0.0614, 0.0621488), (1, 0): (0.062, 0.06011404), (0, 3): (0.0618, 0.06421012), (1, 1): (0.0648, 0.06393632)}
(2, 9)
{(0, 1): (0.0252, 0.02668208), (1, 2): (0.0046, 0.00441796), (3, 2): (0.0038, 0.00438948), (0, 0): (0.2244, 0.22221488), (3, 3): (0.0008, 0.00113436), (3, 0): (0.2156, 0.21523248), (3, 1): (0.0264, 0.02584368), (2, 1): (0.0246, 0.02626288), (0, 2): (0.0036, 0.004531879999999999), (2, 0): (0.2192, 0.21872368), (1, 3): (0.0014, 0.00114172), (2, 3): (0.001, 0.0011527599999999999), (2, 2): (0.0058, 0.00446068), (1, 0): (0.2136, 0.21662896), (0, 3): (0.0014, 0.0011711599999999999), (1, 1): (0.0286, 0.02601136)}
(3, 4)
{(0, 1): (0.2278, 0.22683612), (1, 2): (0.0034, 0.0030719600000000003), (3, 2): (0.0088, 0.00841012), (0, 0): (0.225, 0.22628688), (3, 3): (0.0078, 0.00845688), (3, 0): (0.0098, 0.00825648), (3, 1): (0.007, 0.008276519999999999), (2, 1): (0.0102, 0.0096642), (0, 2): (0.2302, 0.23049772000000002), (2, 0): (0.0106, 0.0096408), (1, 3): (0.0042, 0.00308904), (2, 3): (0.0088, 0.0098748), (2, 2): (0.0094, 0.009820200000000001), (1, 0): (0.0018, 0.00301584), (0, 3): (0.2324, 0.23177927999999998), (1, 1): (0.0028, 0.00302316)}
(3, 5)
{(0, 1): (0.2256, 0.22866692), (1, 2): (0.0024, 0.00312564), (3, 2): (0.0084, 0.00855708), (0, 0): (0.232, 0.2279346), (3, 3): (0.0106, 0.008183), (3, 0): (0.0068, 0.0083166), (3, 1): (0.0076, 0.00834332), (2, 1): (0.0122, 0.0097422), (0, 2): (0.2352, 0.23452547999999998), (2, 0): (0.008, 0.009711), (1, 3): (0.0032, 0.0029890000000000003), (2, 3): (0.0086, 0.009555), (2, 2): (0.0102, 0.009991799999999999), (1, 0): (0.0022, 0.0030378000000000002), (0, 3): (0.2226, 0.224273), (1, 1): (0.0044, 0.00304756)}
(3, 6)
{(0, 1): (0.0002, 0.00036616000000000003), (1, 2): (0.0, 5.368000000000001e-05), (3, 2): (0.0042, 0.00014696000000000002), (0, 0): (0.0, 0.0), (3, 3): (0.0292, 0.03323968), (3, 0): (0.0, 0.0), (3, 1): (0.0, 1.336e-05), (2, 1): (0.0, 1.56e-05), (0, 2): (0.0, 0.00402776), (2, 0): (0.0, 0.0), (1, 3): (0.012, 0.01214144), (2, 3): (0.0388, 0.0388128), (2, 2): (0.0002, 0.0001716), (1, 0): (0.0, 0.0), (0, 3): (0.9152, 0.9110060799999999), (1, 1): (0.0002, 4.880000000000001e-06)}
(3, 7)
{(0, 1): (0.2256, 0.22555456000000002), (1, 2): (0.0026, 0.00302072), (3, 2): (0.0084, 0.008269839999999999), (0, 0): (0.231, 0.23214543999999998), (3, 3): (0.0072, 0.00843016), (3, 0): (0.0082, 0.008470239999999999), (3, 1): (0.0096, 0.008229760000000001), (2, 1): (0.0082, 0.009609600000000001), (0, 2): (0.2274, 0.22665303999999997), (2, 0): (0.0104, 0.009890399999999999), (1, 3): (0.0026, 0.00307928), (2, 3): (0.0112, 0.009843600000000001), (2, 2): (0.0092, 0.009656399999999999), (1, 0): (0.004, 0.00309392), (0, 3): (0.2314, 0.23104696000000002), (1, 1): (0.003, 0.0030060800000000004)}
(3, 8)
{(0, 1): (0.2346, 0.23580704), (1, 2): (0.0024, 0.0030256000000000003), (3, 2): (0.0076, 0.0082832), (0, 0): (0.2218, 0.22170988), (3, 3): (0.009, 0.008423479999999999), (3, 0): (0.009, 0.00808948), (3, 1): (0.0078, 0.00860384), (2, 1): (0.0108, 0.0100464), (0, 2): (0.2284, 0.2270192), (2, 0): (0.009, 0.0094458), (1, 3): (0.003, 0.00307684), (2, 3): (0.0096, 0.009835799999999999), (2, 2): (0.0096, 0.009672), (1, 0): (0.0024, 0.0029548400000000002), (0, 3): (0.2306, 0.23086387999999997), (1, 1): (0.0044, 0.0031427200000000003)}
(3, 9)
{(0, 1): (0.0932, 0.09593392), (1, 2): (0.001, 0.00021716000000000001), (3, 2): (0.0012, 0.00059452), (0, 0): (0.804, 0.79896112), (3, 3): (0.0, 0.00015364), (3, 0): (0.0258, 0.02915152), (3, 1): (0.0064, 0.00350032), (2, 1): (0.0036, 0.0040872), (0, 2): (0.0142, 0.01629412), (2, 0): (0.0336, 0.0340392), (1, 3): (0.0002, 5.6120000000000005e-05), (2, 3): (0.0004, 0.0001794), (2, 2): (0.0014, 0.0006942), (1, 0): (0.0094, 0.01064816), (0, 3): (0.004, 0.0042108399999999995), (1, 1): (0.0016, 0.0012785600000000002)}
(4, 5)
{(0, 1): (0.0636, 0.061750559999999996), (1, 2): (0.0634, 0.06348635999999999), (3, 2): (0.0644, 0.06486983999999998), (0, 0): (0.0624, 0.0615528), (3, 3): (0.0592, 0.06203399999999999), (3, 0): (0.063, 0.0630468), (3, 1): (0.0666, 0.06324935999999999), (2, 1): (0.0602, 0.06289964), (0, 2): (0.0622, 0.06333264), (2, 0): (0.0616, 0.06269820000000001), (1, 3): (0.063, 0.060710999999999994), (2, 3): (0.0638, 0.061691), (2, 2): (0.0662, 0.06451116), (1, 0): (0.062, 0.0617022), (0, 3): (0.059, 0.060564), (1, 1): (0.0594, 0.061900439999999994)}
(4, 6)
{(0, 1): (0.0, 9.888e-05), (1, 2): (0.0012, 0.00109032), (3, 2): (0.0006, 0.00111408), (0, 0): (0.0, 0.0), (3, 3): (0.2524, 0.25198464), (3, 0): (0.0, 0.0), (3, 1): (0.0002, 0.00010127999999999999), (2, 1): (0.0, 0.00010072000000000001), (0, 2): (0.0016, 0.0010876800000000002), (2, 0): (0.0, 0.0), (1, 3): (0.2464, 0.24661055999999998), (2, 3): (0.2508, 0.25059136000000004), (2, 2): (0.001, 0.00110792), (1, 0): (0.0, 0.0), (0, 3): (0.2456, 0.24601344), (1, 1): (0.0002, 9.912e-05)}
(4, 7)
{(0, 1): (0.06, 0.060910080000000005), (1, 2): (0.0578, 0.06135528), (3, 2): (0.0664, 0.06269232), (0, 0): (0.0624, 0.06268992), (3, 3): (0.0622, 0.06390768), (3, 0): (0.064, 0.06421152), (3, 1): (0.0606, 0.062388479999999996), (2, 1): (0.0624, 0.062043520000000005), (0, 2): (0.0604, 0.06120672), (2, 0): (0.0636, 0.06385648000000001), (1, 3): (0.063, 0.06254472), (2, 3): (0.0628, 0.06355432000000001), (2, 2): (0.063, 0.06234568), (1, 0): (0.0636, 0.06284208), (0, 3): (0.0644, 0.06239328), (1, 1): (0.0634, 0.06105792)}
(4, 8)
{(0, 1): (0.0636, 0.06367872), (1, 2): (0.0638, 0.0614544), (3, 2): (0.0614, 0.06279359999999999), (0, 0): (0.057, 0.05987184), (3, 3): (0.0634, 0.06385703999999999), (3, 0): (0.0664, 0.06132504), (3, 1): (0.062, 0.06522431999999999), (2, 1): (0.0698, 0.06486368), (0, 2): (0.0622, 0.0613056), (2, 0): (0.0588, 0.060985960000000006), (1, 3): (0.0618, 0.062495159999999994), (2, 3): (0.0626, 0.06350396), (2, 2): (0.0606, 0.062446400000000006), (1, 0): (0.06, 0.06001716), (0, 3): (0.0644, 0.06234384), (1, 1): (0.0622, 0.06383327999999999)}
(4, 9)
{(0, 1): (0.0266, 0.025906560000000002), (1, 2): (0.0048, 0.00441084), (3, 2): (0.0042, 0.00450696), (0, 0): (0.2158, 0.21575616), (3, 3): (0.0016, 0.00116472), (3, 0): (0.2196, 0.22099296), (3, 1): (0.0278, 0.026535359999999997), (2, 1): (0.0252, 0.026388640000000005), (0, 2): (0.0042, 0.00440016), (2, 0): (0.2214, 0.21977104000000003), (1, 3): (0.0018, 0.00113988), (2, 3): (0.0006, 0.00115828), (2, 2): (0.0046, 0.0044820400000000005), (1, 0): (0.216, 0.21627984), (0, 3): (0.0006, 0.00113712), (1, 1): (0.0252, 0.02596944)}
(5, 6)
{(0, 1): (0.0004, 9.960000000000001e-05), (1, 2): (0.0008, 0.00109912), (3, 2): (0.0012, 0.001078), (0, 0): (0.0, 0.0), (3, 3): (0.2438, 0.24382399999999999), (3, 0): (0.0, 0.0), (3, 1): (0.0, 9.8e-05), (2, 1): (0.0, 0.00010248), (0, 2): (0.0016, 0.0010956), (2, 0): (0.0, 0.0), (1, 3): (0.249, 0.24860095999999998), (2, 3): (0.2554, 0.25497023999999996), (2, 2): (0.0008, 0.00112728), (1, 0): (0.0, 0.0), (0, 3): (0.247, 0.2478048), (1, 1): (0.0, 9.992e-05)}
(5, 7)
{(0, 1): (0.0658, 0.0613536), (1, 2): (0.0642, 0.06185047999999999), (3, 2): (0.06, 0.060661999999999994), (0, 0): (0.064, 0.06314639999999999), (3, 3): (0.0634, 0.061838000000000004), (3, 0): (0.0618, 0.062132), (3, 1): (0.0598, 0.060368), (2, 1): (0.0632, 0.06312767999999999), (0, 2): (0.0556, 0.061652399999999996), (2, 0): (0.0624, 0.06497232), (1, 3): (0.0626, 0.06304952), (2, 3): (0.0628, 0.06466488), (2, 2): (0.0678, 0.06343512), (1, 0): (0.0654, 0.06334928), (0, 3): (0.0636, 0.0628476), (1, 1): (0.0576, 0.06155072)}
(5, 8)
{(0, 1): (0.0652, 0.0641424), (1, 2): (0.0664, 0.061950399999999996), (3, 2): (0.0626, 0.06076), (0, 0): (0.0606, 0.0603078), (3, 3): (0.0646, 0.061789), (3, 0): (0.058, 0.059338999999999996), (3, 1): (0.0598, 0.063112), (2, 1): (0.0696, 0.06599711999999999), (0, 2): (0.0582, 0.061752), (2, 0): (0.0592, 0.06205164), (1, 3): (0.056, 0.06299956), (2, 3): (0.0666, 0.06461363999999999), (2, 2): (0.0608, 0.0635376), (1, 0): (0.0644, 0.060501559999999996), (0, 3): (0.065, 0.0627978), (1, 1): (0.063, 0.06434848)}
(5, 9)
{(0, 1): (0.0286, 0.026095200000000002), (1, 2): (0.003, 0.00444644), (3, 2): (0.0058, 0.004361), (0, 0): (0.2136, 0.2173272), (3, 3): (0.0012, 0.001127), (3, 0): (0.2142, 0.213836), (3, 1): (0.0238, 0.025676), (2, 1): (0.0258, 0.02684976), (0, 2): (0.0052, 0.0044322), (2, 0): (0.2252, 0.22361135999999998), (1, 3): (0.0004, 0.00114908), (2, 3): (0.0014, 0.00117852), (2, 2): (0.0038, 0.004560359999999999), (1, 0): (0.2198, 0.21802544), (0, 3): (0.0016, 0.0011454), (1, 1): (0.0266, 0.02617904)}
(6, 7)
{(0, 1): (0.0, 0.0), (1, 2): (0.0, 9.904e-05), (3, 2): (0.2464, 0.24641151999999997), (0, 0): (0.0, 0.0), (3, 3): (0.2512, 0.25118848), (3, 0): (0.2526, 0.25238272), (3, 1): (0.245, 0.24521728), (2, 1): (0.0014, 0.00108416), (0, 2): (0.0, 0.0), (2, 0): (0.001, 0.00111584), (1, 3): (0.0004, 0.00010096000000000001), (2, 3): (0.0008, 0.00111056), (2, 2): (0.0012, 0.0010894400000000001), (1, 0): (0.0, 0.00010144), (0, 3): (0.0, 0.0), (1, 1): (0.0, 9.856e-05)}
(6, 8)
{(0, 1): (0.0, 0.0), (1, 2): (0.0, 9.92e-05), (3, 2): (0.2476, 0.2468096), (0, 0): (0.0, 0.0), (3, 3): (0.2504, 0.25098943999999995), (3, 0): (0.2412, 0.24103744), (3, 1): (0.256, 0.25636352), (2, 1): (0.0012, 0.00113344), (0, 2): (0.0, 0.0), (2, 0): (0.001, 0.00106568), (1, 3): (0.0, 0.00010088), (2, 3): (0.0018, 0.00110968), (2, 2): (0.0004, 0.0010912), (1, 0): (0.0, 9.688000000000001e-05), (0, 3): (0.0, 0.0), (1, 1): (0.0004, 0.00010304)}
(6, 9)
{(0, 1): (0.0, 0.0), (1, 2): (0.0, 7.1200000000000004e-06), (3, 2): (0.0172, 0.01771456), (0, 0): (0.0, 0.0), (3, 3): (0.0042, 0.00457792), (3, 0): (0.8728, 0.86861056), (3, 1): (0.101, 0.10429696000000001), (2, 1): (0.0038, 0.00046112000000000003), (0, 2): (0.0, 0.0), (2, 0): (0.0, 0.0038403200000000004), (1, 3): (0.0004, 1.84e-06), (2, 3): (0.0, 2.024e-05), (2, 2): (0.0006, 7.832000000000001e-05), (1, 0): (0.0, 0.00034912), (0, 3): (0.0, 0.0), (1, 1): (0.0, 4.1920000000000005e-05)}
(7, 8)
{(0, 1): (0.061, 0.06532736), (1, 2): (0.0578, 0.0611072), (3, 2): (0.0612, 0.0625952), (0, 0): (0.0618, 0.06142192), (3, 3): (0.0652, 0.06365528), (3, 0): (0.062, 0.06113128), (3, 1): (0.064, 0.06501824), (2, 1): (0.0642, 0.06378175999999999), (0, 2): (0.0644, 0.0628928), (2, 0): (0.0588, 0.059968719999999996), (1, 3): (0.0606, 0.062142079999999995), (2, 3): (0.06, 0.06244471999999999), (2, 2): (0.0646, 0.061404799999999995), (1, 0): (0.0596, 0.05967808), (0, 3): (0.0664, 0.06395791999999999), (1, 1): (0.0684, 0.06347264)}
(7, 9)
{(0, 1): (0.0296, 0.026577280000000002), (1, 2): (0.0032, 0.00438592), (3, 2): (0.0048, 0.00449272), (0, 0): (0.2176, 0.22134208), (3, 3): (0.0012, 0.0011610400000000001), (3, 0): (0.2224, 0.22029472000000003), (3, 1): (0.024, 0.026451520000000003), (2, 1): (0.0274, 0.02594848), (0, 2): (0.0052, 0.00451408), (2, 0): (0.2148, 0.21610527999999998), (1, 3): (0.0014, 0.00113344), (2, 3): (0.0008, 0.0011389599999999998), (2, 2): (0.0046, 0.0044072799999999995), (1, 0): (0.218, 0.21505792), (0, 3): (0.0012, 0.0011665599999999999), (1, 1): (0.0238, 0.02582272)}
(8, 9)
{(0, 1): (0.0234, 0.025382560000000002), (1, 2): (0.0072, 0.00458528), (3, 2): (0.0036, 0.00448916), (0, 0): (0.214, 0.21139216), (3, 3): (0.0014, 0.00116012), (3, 0): (0.2178, 0.22012015999999998), (3, 1): (0.0294, 0.02643056), (2, 1): (0.028, 0.0259904), (0, 2): (0.0038, 0.00431116), (2, 0): (0.2162, 0.2164544), (1, 3): (0.0016, 0.0011849599999999999), (2, 3): (0.0006, 0.0011408), (2, 2): (0.0032, 0.0044144), (1, 0): (0.2248, 0.22483328), (0, 3): (0.001, 0.00111412), (1, 1): (0.024, 0.02699648)}
[0, 1, 2, 3, 4, 5, 6, 7, 8, 9]
{0: 4, 1: 4, 2: 4, 3: 4, 4: 4, 5: 4, 6: 4, 7: 4, 8: 4, 9: 4}
4
NUM VARIABLES
10
NUM EDGES
2
EDGES
[(3, 6), (6, 9)]
>>>>>>>>>>>>>>>>>>>>>METHOD: Feature Graft
//////////////////////////////
l1_coeff
1e-05
/home/walidch/mrf_project/MRFToolBox/mrftools/mrftools/Learner.py:118: FutureWarning: comparison to `None` will result in an elementwise object comparison in the future.
  if (self.tau_q == None or not self.fully_observed) and not (self.graft):
/home/walidch/mrf_project/MRFToolBox/mrftools/mrftools/Learner.py:132: FutureWarning: comparison to `None` will result in an elementwise object comparison in the future.
  if (self.tau_q == None or not self.fully_observed) and not (self.graft):
Traceback (most recent call last):
  File "test_feature_grafty.py", line 317, in <module>
    main()
  File "test_feature_grafty.py", line 165, in main
    nll = compute_likelihood(learned_mn, len(variables), test_data)
  File "/home/walidch/mrf_project/MRFToolBox/mrftools/mrftools/grafting_util.py", line 62, in compute_likelihood
    new_active_set = list(mn.edge_potentials.keys()) 
AttributeError: 'NoneType' object has no attribute 'edge_potentials'
