================================= ///////////////////START//////////////// ========================================= 
======================================Simulating data...
> Creating model
> Generating data
[0, 1, 2, 3, 4, 5, 6, 7, 8, 9]
{0: 5, 1: 5, 2: 5, 3: 5, 4: 5, 5: 5, 6: 5, 7: 5, 8: 5, 9: 5}
5
NUM VARIABLES
10
NUM EDGES
5
EDGES
[(0, 7), (0, 8), (0, 9), (1, 4), (7, 8)]
================GRAFT
/home/walidch/mrf_project/MRFToolBox/mrftools/mrftools/Learner.py:119: FutureWarning: comparison to `None` will result in an elementwise object comparison in the future.
  if (self.tau_q == None or not self.fully_observed) and not (self.graft):
/home/walidch/mrf_project/MRFToolBox/mrftools/mrftools/Learner.py:133: FutureWarning: comparison to `None` will result in an elementwise object comparison in the future.
  if (self.tau_q == None or not self.fully_observed) and not (self.graft):
[ -2.59318826e-03  -7.17397556e-01   2.01191486e+00  -9.13097511e-01
  -1.66891171e-01  -5.84628548e-01  -7.99435556e-01  -6.63189308e-01
   2.80816029e+00  -7.59108210e-01   2.74716321e-08   5.14977235e-08
   9.33489597e-09  -1.55872983e-08   3.01963437e-09   4.56728808e-08
   1.03220762e-08   4.71351166e-08   7.06625730e-08   3.57015450e-08
  -6.00272320e-01  -7.34267256e-01  -6.52764022e-01   2.81574085e+00
  -7.80489721e-01  -2.83177835e-08  -3.95883937e-08   2.88544787e-09
  -7.63948514e-09  -3.77840922e-08  -6.25620500e-08  -4.99941844e-08
   9.21802452e-09   7.60063281e-08  -2.18024395e-08  -7.23822785e-01
   3.61235474e-01  -9.33036859e-01  -8.81610098e-01   2.12159772e+00
   1.81551540e+00  -8.74909075e-01  -2.42680150e-01   2.67756210e-01
  -8.48071669e-01  -5.93015798e-01   2.37838181e+00  -1.02607280e-01
  -8.11204129e-01  -8.61285447e-01   0.00000000e+00   0.00000000e+00
   0.00000000e+00   0.00000000e+00   0.00000000e+00   0.00000000e+00
   0.00000000e+00   0.00000000e+00   0.00000000e+00   0.00000000e+00
   0.00000000e+00   0.00000000e+00   0.00000000e+00   0.00000000e+00
   0.00000000e+00   0.00000000e+00   0.00000000e+00   0.00000000e+00
   0.00000000e+00   0.00000000e+00   0.00000000e+00   0.00000000e+00
   0.00000000e+00   0.00000000e+00   0.00000000e+00]
[ -4.85144415e-02  -7.63773942e-01   1.95734304e+00  -8.67117809e-01
  -2.16595353e-01  -6.41946540e-01  -7.42484829e-01  -6.75369066e-01
   2.79617566e+00  -7.35589642e-01   2.74370560e-08   5.02620257e-08
   1.52669246e-08  -1.50944089e-08   6.17568886e-09  -5.66099747e-08
   5.03753472e-08  -6.29334028e-09   3.07125383e-08  -6.85647053e-08
  -6.63785398e-01  -7.29113354e-01  -6.49035052e-01   2.79976546e+00
  -7.36905891e-01   3.16341952e-08  -2.10566252e-07  -6.27969375e-08
   1.21204713e-07  -7.47386260e-08  -7.18623087e-09   6.55015582e-09
  -2.09500611e-08  -3.48442716e-08   6.14842653e-09  -7.16084425e-01
   3.34350329e-01  -8.76552738e-01  -8.75115383e-01   2.11401736e+00
   3.35269140e+00  -1.58109263e+00  -5.13961987e-01   3.06507583e-01
  -1.50997335e+00  -1.21585286e+00   4.76724015e+00  -4.10841128e-01
  -1.56110900e+00  -1.57382126e+00   0.00000000e+00   0.00000000e+00
   0.00000000e+00   0.00000000e+00   0.00000000e+00   0.00000000e+00
   0.00000000e+00   0.00000000e+00   0.00000000e+00   0.00000000e+00
   0.00000000e+00   0.00000000e+00   0.00000000e+00   0.00000000e+00
   0.00000000e+00   0.00000000e+00   0.00000000e+00   0.00000000e+00
   0.00000000e+00   0.00000000e+00   0.00000000e+00   0.00000000e+00
   0.00000000e+00   0.00000000e+00   0.00000000e+00  -2.41062989e-01
   1.75729324e+00  -1.66856523e-01  -2.21242601e-01  -2.19494356e-01
  -6.42123934e-02  -3.35696698e-01  -7.91164141e-02  -5.84629402e-02
  -5.79438684e-02   1.16505811e-01  -4.17901017e-01   3.94335240e-01
  -7.79827274e-02  -7.73100146e-02  -9.92553073e-02   6.41847239e-01
  -5.53186374e-02  -9.05470482e-02  -8.97996717e-02  -6.51572050e-02
  -2.94223271e-01  -8.02748561e-02  -5.93247085e-02  -5.87982851e-02]
[ -9.40777403e-02  -1.69049433e+00   3.91537270e+00  -1.92930726e+00
  -2.06294667e-01  -6.55762180e-01  -7.29149160e-01  -6.79903582e-01
   2.79576653e+00  -7.31125142e-01   1.93802765e-06  -1.98467262e-07
  -6.32821277e-06  -2.54716678e-06  -3.09530715e-06  -7.72221788e-06
   9.65119320e-06   5.03766344e-06   1.61079208e-05  -1.08011069e-05
  -6.82887771e-01  -7.32694500e-01  -6.53532864e-01   2.79495466e+00
  -7.30462219e-01  -8.52490506e-06   1.67317736e-05   8.76638145e-06
   1.58478341e-05  -8.29024324e-06  -3.14179425e-06   9.70528674e-06
  -2.47507140e-08   4.27415793e-06   1.44622626e-05  -7.12921723e-01
   3.39776273e-01  -8.70534106e-01  -8.70796776e-01   2.11993059e+00
   3.28654503e+00  -1.72499101e+00  -2.89239975e-01   3.44055443e-01
  -1.62142361e+00  -1.92958388e+00   7.55424157e+00  -2.35473740e-01
  -2.69444849e+00  -2.69354422e+00  -6.03992391e-02   1.63943981e-01
  -8.70015595e-02  -5.03637536e-02  -5.03962785e-02  -3.29863159e-02
  -1.77015322e-01  -4.88787750e-02  -2.70090462e-02  -2.70414692e-02
  -2.18653961e-01   1.53515478e+00  -1.43148794e-01  -1.87475718e-01
  -1.87551616e-01  -3.01913314e-02  -2.38697833e-01  -4.49469447e-02
  -2.46423163e-02  -2.46744546e-02   1.30145755e-01  -4.32447857e-01
   3.74366684e-01  -5.50307562e-02  -5.50578643e-02   0.00000000e+00
   0.00000000e+00   0.00000000e+00   0.00000000e+00   0.00000000e+00
   0.00000000e+00   0.00000000e+00   0.00000000e+00   0.00000000e+00
   0.00000000e+00   0.00000000e+00   0.00000000e+00   0.00000000e+00
   0.00000000e+00   0.00000000e+00   0.00000000e+00   0.00000000e+00
   0.00000000e+00   0.00000000e+00   0.00000000e+00   0.00000000e+00
   0.00000000e+00   0.00000000e+00   0.00000000e+00   0.00000000e+00
  -1.51233782e-01   1.67316158e+00  -1.05697345e-01  -1.24766554e-01
  -1.25112013e-01  -4.10637869e-02  -3.45253133e-01  -6.29058754e-02
  -3.39005210e-02  -3.40085483e-02   1.32683050e-01  -5.42640932e-01
   3.88422761e-01  -6.57318123e-02  -6.58660271e-02  -8.54477406e-02
   2.83583525e-01  -5.93175415e-02  -7.14730060e-02  -7.16327541e-02
  -4.27497109e-02  -3.12938921e-01  -6.53338262e-02  -3.53338157e-02
  -3.54432718e-02]
[ -1.57688145e-01  -2.30148405e+00   5.70180195e+00  -2.61161308e+00
  -6.31737545e-01  -6.52369196e-01  -7.32569787e-01  -6.78786260e-01
   2.79603199e+00  -7.32281948e-01  -2.77154698e-04  -1.58696780e-04
   1.52351657e-04   5.88634737e-05   3.72779717e-05  -3.25846228e-05
   8.93999192e-05   7.33900921e-05  -1.28325807e-04  -7.81051944e-05
  -6.78376410e-01  -7.32060102e-01  -6.52663538e-01   2.79614600e+00
  -7.32385385e-01  -4.24417953e-04   2.12120860e-04   1.04395055e-04
   2.08549287e-04  -3.79354452e-04   2.94061300e-04   3.08056198e-05
  -1.39415539e-04  -4.40676694e-05  -1.72427239e-04  -1.58514940e+00
   9.75759307e-01  -1.94909262e+00  -1.94906159e+00   4.50773367e+00
   3.70430988e+00  -1.86428591e+00  -4.56946694e-01   3.79736596e-01
  -1.76270276e+00  -1.89778821e+00   7.52621102e+00  -1.20765005e-01
  -2.75366002e+00  -2.75358303e+00   0.00000000e+00   0.00000000e+00
   0.00000000e+00   0.00000000e+00   0.00000000e+00   0.00000000e+00
   0.00000000e+00   0.00000000e+00   0.00000000e+00   0.00000000e+00
   0.00000000e+00   0.00000000e+00   0.00000000e+00   0.00000000e+00
   0.00000000e+00   0.00000000e+00   0.00000000e+00   0.00000000e+00
   0.00000000e+00   0.00000000e+00   0.00000000e+00   0.00000000e+00
   0.00000000e+00   0.00000000e+00   0.00000000e+00  -5.68651339e-02
   1.72197062e-01  -8.41392341e-02  -4.63342313e-02  -4.63371318e-02
  -3.69822155e-02  -1.64642178e-01  -5.50315443e-02  -3.00084008e-02
  -3.00109640e-02  -2.27060813e-01   1.61272723e+00  -1.84576374e-01
  -1.89443267e-01  -1.89457245e-01  -3.50568443e-02  -2.23977951e-01
  -5.22047075e-02  -2.84326676e-02  -2.84351914e-02   1.06258040e-01
  -3.89279952e-01   3.14659520e-01  -5.37814792e-02  -5.37843285e-02
  -4.10509421e-02   2.99617404e-01  -3.42532562e-02  -3.42567928e-02
  -2.77815408e-01   2.79717421e-02  -5.71449344e-02  -1.69892989e-02
  -1.69916873e-02  -2.31059552e-01  -9.81783598e-02  -1.51917889e-01
  -1.17459646e-01  -1.17466530e-01   1.30282764e+00  -1.86762200e-02
  -7.29847373e-02  -1.51102297e-02  -1.51124761e-02  -2.13951358e-01
  -2.41763905e-02  -9.75688518e-02  -1.93158607e-02  -1.93189241e-02
   6.03825555e-02  -1.71724455e-01   1.31376713e+00  -1.79485506e-01
  -1.39586045e-01  -1.39666681e-01  -2.79249961e-02  -2.31111574e-01
  -4.47997363e-02  -2.23210462e-02  -2.23428786e-02   9.36582334e-02
  -3.61915723e-01   2.70641559e-01  -3.98312683e-02  -3.98578100e-02
  -6.18937621e-02   2.83841022e-01  -5.12251026e-02  -4.98766818e-02
  -4.99093465e-02  -2.89616982e-02  -2.06711477e-01  -4.64174640e-02
  -2.31612995e-02  -2.31833918e-02]
[ -3.46003857e-01  -3.40689893e+00   8.45661180e+00  -3.85662426e+00
  -8.47084195e-01  -6.52817608e-01  -7.32111595e-01  -6.78951977e-01
   2.79601062e+00  -7.32137832e-01   1.62883254e-05  -8.71621604e-06
  -1.31493604e-05  -4.91148315e-06  -9.93978787e-06   1.90365573e-07
  -9.31385466e-08   2.74356436e-06  -7.98670505e-06  -9.84448445e-06
  -6.79015072e-01  -7.32188262e-01  -6.52830035e-01   2.79596841e+00
  -7.32158614e-01   7.89346336e-07  -6.54569072e-06  -9.57402905e-06
   3.20969649e-06  -4.66185309e-06  -3.78475864e-06  -7.79054113e-06
   1.12809754e-05   1.54352122e-06   2.39673316e-06  -1.56896980e+00
   7.68201870e-01  -1.91389194e+00  -1.91390247e+00   4.62852210e+00
   5.80396750e+00  -2.99690769e+00  -5.88229842e-01   5.99221569e-01
  -2.81807061e+00  -1.87888383e+00   7.49069848e+00  -1.36933089e-01
  -2.73742438e+00  -2.73744339e+00   2.16534344e-01  -3.91771603e-02
  -7.56368046e-02  -9.53079437e-02  -4.13633706e-02  -1.51329685e-01
  -2.23008118e-02  -4.48902132e-02  -5.69214847e-02   5.89142743e-03
   1.08238848e+00  -1.89092194e-01  -3.30803044e-01   3.46929707e-01
  -1.98159375e-01  -1.64882773e-01  -2.03040115e-02  -4.11644418e-02
  -5.22587754e-02  -2.15211156e-02  -2.74779512e-01  -3.71310219e-02
   3.35657962e-01  -9.11425571e-02  -3.92356288e-02  -5.36424480e-02
   1.82397902e-01  -8.14108416e-02  -4.32700188e-02  -4.32695634e-02
  -3.13831400e-02  -1.68806637e-01  -4.80351312e-02  -2.52015618e-02
  -2.52012605e-02  -2.12114908e-01   1.53085498e+00  -1.84289036e-01
  -1.75779305e-01  -1.75778358e-01  -2.91205827e-02  -2.14935130e-01
  -4.46143902e-02  -2.33712955e-02  -2.33710104e-02   8.28357810e-02
  -3.56975222e-01   2.52757932e-01  -4.41386357e-02  -4.41381189e-02
  -3.50579459e-02   2.82982149e-01  -3.06387315e-02  -3.06383975e-02
  -2.15945994e-01   1.23485640e-02  -3.13593065e-02  -1.69195940e-02
  -1.69194091e-02  -1.88373949e-01  -1.10394191e-01  -1.13201482e-02
  -1.25132080e-01  -1.25130942e-01   1.01073294e+00  -1.76887380e-02
  -4.32231355e-02  -1.54414176e-02  -1.54412480e-02  -1.74044407e-01
  -3.13450569e-02  -7.54015694e-02  -2.73949880e-02  -2.73947336e-02
   5.91423312e-02   0.00000000e+00   0.00000000e+00   0.00000000e+00
   0.00000000e+00   0.00000000e+00   0.00000000e+00   0.00000000e+00
   0.00000000e+00   0.00000000e+00   0.00000000e+00   0.00000000e+00
   0.00000000e+00   0.00000000e+00   0.00000000e+00   0.00000000e+00
   0.00000000e+00   0.00000000e+00   0.00000000e+00   0.00000000e+00
   0.00000000e+00   0.00000000e+00   0.00000000e+00   0.00000000e+00
   0.00000000e+00   0.00000000e+00  -1.66956189e-01   1.31732024e+00
  -1.74401271e-01  -1.37617756e-01  -1.37618656e-01  -2.17733434e-02
  -2.06709944e-01  -3.43536208e-02  -1.73850212e-02  -1.73858104e-02
   6.72160962e-02  -3.62951138e-01   2.07938823e-01  -3.64610659e-02
  -3.64619140e-02  -5.83054643e-02   2.48133482e-01  -5.31943469e-02
  -4.70302634e-02  -4.70312535e-02  -2.29128827e-02  -1.89336385e-01
  -3.61129135e-02  -1.83043018e-02  -1.83050976e-02]
[ -3.10694590e-01  -3.42750254e+00   8.46781397e+00  -3.88538464e+00
  -8.44231717e-01  -1.17452266e+00  -1.26356224e+00  -1.20399420e+00
   4.90564759e+00  -1.26357436e+00  -5.55629196e-08  -5.71364238e-09
   2.89281202e-08  -7.66966881e-09   1.11671458e-08  -1.37090429e-06
  -5.02210532e-07  -7.45459449e-07   1.17801247e-06  -7.24714460e-07
  -1.20403348e+00  -1.26360788e+00  -1.17453881e+00   4.90561783e+00
  -1.26359419e+00   3.10076287e-08   5.06081737e-08  -7.00515042e-08
   2.14259223e-07  -1.39810367e-07   7.35864221e-08   3.45574974e-07
  -2.33316575e-07   1.64281612e-07   3.78554838e-07  -1.59237192e+00
   8.05318304e-01  -1.94142153e+00  -1.94142808e+00   4.66987214e+00
   5.81693089e+00  -2.99379913e+00  -6.14492728e-01   6.06771504e-01
  -2.81542613e+00  -1.90804133e+00   7.59642868e+00  -1.57029631e-01
  -2.76566591e+00  -2.76568012e+00   2.20948411e-01  -3.78092331e-02
  -6.70278324e-02  -8.52248646e-02  -3.96730033e-02  -1.47984787e-01
  -2.29127008e-02  -4.09241859e-02  -5.22749574e-02   7.48065851e-03
   9.53700440e-01  -1.79154633e-01  -2.98214973e-01   3.29838403e-01
  -1.87195882e-01  -1.63974138e-01  -2.11202373e-02  -3.77563406e-02
  -4.82555689e-02  -2.21727293e-02  -2.71479302e-01  -3.71622966e-02
   3.71163602e-01  -8.38190276e-02  -3.89948231e-02  -5.60977417e-02
   2.18310974e-01  -8.41712577e-02  -4.55785140e-02  -4.55782977e-02
  -3.49196296e-02  -1.85789563e-01  -5.27729555e-02  -2.82923619e-02
  -2.82922236e-02  -1.98619056e-01   1.47542122e+00  -1.47304126e-01
  -1.64208281e-01  -1.64207612e-01  -3.26672160e-02  -2.41656344e-01
  -4.94068913e-02  -2.64594809e-02  -2.64593510e-02   9.97044914e-02
  -3.84985623e-01   2.98783064e-01  -4.73767262e-02  -4.73764988e-02
  -3.67016516e-02   3.05296535e-01  -3.21400582e-02  -3.21399656e-02
  -2.11751753e-01   1.73944908e-02  -3.07155420e-02  -1.72855630e-02
  -1.72855125e-02  -1.75635624e-01  -1.18357613e-01  -5.85321739e-02
  -1.34608829e-01  -1.34608467e-01   9.83632001e-01  -1.80421735e-02
  -4.47326948e-02  -1.57757479e-02  -1.57757018e-02  -1.61583627e-01
  -2.82953613e-02  -6.94673761e-02  -2.47638991e-02  -2.47638260e-02
   9.66401338e-02   0.00000000e+00   0.00000000e+00   0.00000000e+00
   0.00000000e+00   0.00000000e+00   0.00000000e+00   0.00000000e+00
   0.00000000e+00   0.00000000e+00   0.00000000e+00   0.00000000e+00
   0.00000000e+00   0.00000000e+00   0.00000000e+00   0.00000000e+00
   0.00000000e+00   0.00000000e+00   0.00000000e+00   0.00000000e+00
   0.00000000e+00   0.00000000e+00   0.00000000e+00   0.00000000e+00
   0.00000000e+00   0.00000000e+00  -5.73200010e-02  -5.61671409e-02
  -1.55003817e-02  -2.59298603e-01  -5.61676422e-02  -5.56083829e-02
  -5.44891072e-02  -5.61682251e-02  -2.52151041e-01  -5.44895940e-02
  -2.84767692e-02  -5.56081547e-02  -5.73208717e-02  -2.56921287e-01
  -5.56086512e-02  -2.56919841e-01  -2.52148689e-01  -2.59300668e-01
   2.86471858e+00  -2.52150709e-01  -5.56079436e-02  -5.44886764e-02
  -5.61677815e-02  -2.52149253e-01  -5.44891632e-02  -1.70840376e-01
   1.30153833e+00  -1.66579431e-01  -1.40625731e-01  -1.40625200e-01
  -2.72993137e-02  -2.28880105e-01  -4.19091720e-02  -2.20918643e-02
  -2.20917920e-02   9.22741626e-02  -3.71624641e-01   2.72660150e-01
  -4.04244198e-02  -4.04242746e-02  -6.20407798e-02   2.80030576e-01
  -4.79037545e-02  -5.04326981e-02  -5.04325143e-02  -2.83431577e-02
  -2.04559760e-01  -4.34946205e-02  -2.29398444e-02  -2.29397687e-02]
[ -2.39627676e-01  -3.57162506e+00   8.75059758e+00  -4.07123949e+00
  -8.68105408e-01  -2.28716376e+00  -2.59497603e+00  -2.38898172e+00
   9.86609418e+00  -2.59497090e+00  -2.15287018e-05  -3.45104932e-05
  -5.37709251e-06   2.24154246e-05   6.10068379e-07   3.41845342e-06
   7.69688514e-07  -1.52992420e-06   3.01819066e-06   1.92961631e-05
  -1.34511203e+00  -1.46431710e+00  -1.28665414e+00   5.56046366e+00
  -1.46432140e+00   1.11798486e-05  -3.06416145e-07  -6.19955480e-07
  -1.44308010e-05   2.87866356e-05   2.98790934e-06  -4.50273659e-06
  -5.03280063e-07   3.55594743e-07  -5.17492948e-06  -1.64613874e+00
   9.14478447e-01  -2.02737513e+00  -2.02737319e+00   4.78642044e+00
   5.90299869e+00  -2.97122744e+00  -7.11967520e-01   5.81652671e-01
  -2.80145166e+00  -2.80417889e+00   1.10572415e+01  -3.25562797e-01
  -3.96375318e+00  -3.96374803e+00   2.00813758e-01  -3.39048419e-02
  -5.88384053e-02  -8.20378801e-02  -3.55046809e-02  -1.25051578e-01
  -1.90223250e-02  -3.31391722e-02  -4.61384216e-02   6.88206933e-03
   7.74596250e-01  -1.58168702e-01  -2.60860743e-01   3.39420413e-01
  -1.64997732e-01  -1.38061338e-01  -1.73824641e-02  -3.02996622e-02
  -4.21805033e-02  -1.82058164e-02  -2.37771682e-01  -3.16070724e-02
   3.20628546e-01  -7.60759579e-02  -3.30920591e-02  -4.70270596e-02
   1.78723686e-01  -7.23593107e-02  -3.81394268e-02  -3.81394675e-02
  -2.68307379e-02  -1.62474077e-01  -4.17893006e-02  -2.16565274e-02
  -2.16565532e-02  -1.86730885e-01   1.32729312e+00  -1.51406407e-01
  -1.54859931e-01  -1.54860050e-01  -2.46980970e-02  -2.08866190e-01
  -3.85252457e-02  -1.99231428e-02  -1.99231670e-02   8.85337628e-02
  -3.50781786e-01   2.61216028e-01  -3.75595982e-02  -3.75596416e-02
  -3.13427429e-02   2.77543940e-01  -2.70361774e-02  -2.70362017e-02
  -2.05644346e-01   1.72283586e-02  -2.79463621e-02  -1.41762506e-02
  -1.41762630e-02  -1.65046757e-01  -1.02040841e-01  -5.56977484e-02
  -1.16076001e-01  -1.16076106e-01   8.95136314e-01  -1.49199409e-02
  -4.03969365e-02  -1.28524766e-02  -1.28524878e-02  -1.50819407e-01
  -2.45040504e-02  -6.57918792e-02  -2.11249524e-02  -2.11249705e-02
   7.67742853e-02  -6.31361972e-04  -1.87634714e-03  -7.44673591e-04
  -6.16005445e-04  -6.16006400e-04  -6.07064485e-04  -2.01597319e-03
  -7.21510352e-04  -5.90307081e-04  -5.90308047e-04  -6.22965320e-04
  -1.91809564e-03  -7.36587159e-04  -6.07158705e-04  -6.07159663e-04
  -1.24714764e-03   2.33028985e-02  -8.24804137e-04  -1.60214021e-03
  -1.60212683e-03  -6.07066053e-04  -2.01595931e-03  -7.21512050e-04
  -5.90308572e-04  -5.90309538e-04  -1.29962299e-02  -1.19720565e-02
   1.80139528e-02  -1.51720417e-01  -1.19719691e-02  -1.13545575e-02
  -1.04224683e-02  -1.18334357e-02  -1.38460694e-01  -1.04223861e-02
   8.60193387e-03  -1.14445688e-02  -1.29474521e-02  -1.47236387e-01
  -1.14444832e-02  -2.42771997e-01  -2.32187018e-01  -2.48111242e-01
   1.66536188e+00  -2.32186589e-01  -1.13545861e-02  -1.04224948e-02
  -1.18334653e-02  -1.38460854e-01  -1.04224127e-02   0.00000000e+00
   0.00000000e+00   0.00000000e+00   0.00000000e+00   0.00000000e+00
   0.00000000e+00   0.00000000e+00   0.00000000e+00   0.00000000e+00
   0.00000000e+00   0.00000000e+00   0.00000000e+00   0.00000000e+00
   0.00000000e+00   0.00000000e+00   0.00000000e+00   0.00000000e+00
   0.00000000e+00   0.00000000e+00   0.00000000e+00   0.00000000e+00
   0.00000000e+00   0.00000000e+00   0.00000000e+00   0.00000000e+00
  -1.76394401e-01   1.28955185e+00  -1.76277117e-01  -1.46562339e-01
  -1.46562457e-01  -2.70543889e-02  -2.25786373e-01  -4.18536432e-02
  -2.20001630e-02  -2.20001901e-02   8.94479255e-02  -3.58188285e-01
   2.64554891e-01  -3.86907037e-02  -3.86907489e-02  -5.98277186e-02
   2.99589129e-01  -4.65222883e-02  -4.89136046e-02  -4.89136562e-02
  -2.80524168e-02  -2.01845110e-01  -4.33766926e-02  -2.28157374e-02
  -2.28157654e-02]
SUFFICIENT STATS
45
Recall
0.8
Precision
0.571428571429
F1-score
0.666666666667
[(8, 9), (0, 9), (0, 7), (0, 8), (1, 4), (1, 9), (4, 9)]
[0, 0, 0.0, 0.2, 0.4, 0.6, 0.8, 0.8, 0.8]
[10.989187383556295, 10.989187383556295, 13.61088054434472, 16.096864652576741, 18.794660451811538, 21.734505767904011, 23.238517376025207, 25.049852156239155, 26.893225240832283]
