================================= ///////////////////START//////////////// =========================================
======================================Simulating data...
> Creating model
> Generating data
[0, 1, 2, 3, 4, 5, 6, 7, 8, 9, 10, 11, 12, 13, 14, 15, 16, 17, 18, 19, 20, 21, 22, 23, 24, 25, 26, 27, 28, 29, 30, 31, 32, 33, 34, 35, 36, 37, 38, 39, 40, 41, 42, 43, 44, 45, 46, 47, 48, 49]
{0: 5, 1: 5, 2: 5, 3: 5, 4: 5, 5: 5, 6: 5, 7: 5, 8: 5, 9: 5, 10: 5, 11: 5, 12: 5, 13: 5, 14: 5, 15: 5, 16: 5, 17: 5, 18: 5, 19: 5, 20: 5, 21: 5, 22: 5, 23: 5, 24: 5, 25: 5, 26: 5, 27: 5, 28: 5, 29: 5, 30: 5, 31: 5, 32: 5, 33: 5, 34: 5, 35: 5, 36: 5, 37: 5, 38: 5, 39: 5, 40: 5, 41: 5, 42: 5, 43: 5, 44: 5, 45: 5, 46: 5, 47: 5, 48: 5, 49: 5}
5
NUM VARIABLES
50
NUM EDGES
49
EDGES
[(0, 17), (0, 49), (1, 49), (2, 19), (3, 7), (3, 19), (3, 33), (5, 8), (5, 24), (5, 30), (5, 41), (6, 18), (6, 32), (6, 46), (7, 9), (7, 13), (8, 26), (8, 43), (8, 49), (11, 15), (11, 33), (12, 33), (12, 41), (13, 34), (14, 23), (15, 24), (15, 49), (16, 40), (17, 34), (17, 48), (19, 20), (19, 27), (19, 44), (21, 25), (21, 32), (24, 38), (24, 41), (24, 47), (25, 35), (26, 49), (27, 42), (29, 39), (31, 47), (34, 48), (35, 43), (35, 46), (38, 44), (39, 43), (42, 47)]
>>>>>>>>>>>>>>>>>>>>>METHOD: structured
