================================= ///////////////////START//////////////// =========================================
======================================Simulating data...
> Creating model
> Generating data
[0, 1, 2, 3, 4, 5, 6, 7, 8, 9, 10, 11, 12, 13, 14, 15, 16, 17, 18, 19, 20, 21, 22, 23, 24, 25, 26, 27, 28, 29, 30, 31, 32, 33, 34, 35, 36, 37, 38, 39, 40, 41, 42, 43, 44, 45, 46, 47, 48, 49, 50, 51, 52, 53, 54, 55, 56, 57, 58, 59, 60, 61, 62, 63, 64, 65, 66, 67, 68, 69, 70, 71, 72, 73, 74, 75, 76, 77, 78, 79, 80, 81, 82, 83, 84, 85, 86, 87, 88, 89, 90, 91, 92, 93, 94, 95, 96, 97, 98, 99, 100, 101, 102, 103, 104, 105, 106, 107, 108, 109, 110, 111, 112, 113, 114, 115, 116, 117, 118, 119, 120, 121, 122, 123, 124, 125, 126, 127, 128, 129, 130, 131, 132, 133, 134, 135, 136, 137, 138, 139, 140, 141, 142, 143, 144, 145, 146, 147, 148, 149, 150, 151, 152, 153, 154, 155, 156, 157, 158, 159, 160, 161, 162, 163, 164, 165, 166, 167, 168, 169, 170, 171, 172, 173, 174, 175, 176, 177, 178, 179, 180, 181, 182, 183, 184, 185, 186, 187, 188, 189, 190, 191, 192, 193, 194, 195, 196, 197, 198, 199, 200, 201, 202, 203, 204, 205, 206, 207, 208, 209, 210, 211, 212, 213, 214, 215, 216, 217, 218, 219, 220, 221, 222, 223, 224, 225, 226, 227, 228, 229, 230, 231, 232, 233, 234, 235, 236, 237, 238, 239, 240, 241, 242, 243, 244, 245, 246, 247, 248, 249, 250, 251, 252, 253, 254, 255, 256, 257, 258, 259, 260, 261, 262, 263, 264, 265, 266, 267, 268, 269, 270, 271, 272, 273, 274, 275, 276, 277, 278, 279, 280, 281, 282, 283, 284, 285, 286, 287, 288, 289, 290, 291, 292, 293, 294, 295, 296, 297, 298, 299]
{0: 5, 1: 5, 2: 5, 3: 5, 4: 5, 5: 5, 6: 5, 7: 5, 8: 5, 9: 5, 10: 5, 11: 5, 12: 5, 13: 5, 14: 5, 15: 5, 16: 5, 17: 5, 18: 5, 19: 5, 20: 5, 21: 5, 22: 5, 23: 5, 24: 5, 25: 5, 26: 5, 27: 5, 28: 5, 29: 5, 30: 5, 31: 5, 32: 5, 33: 5, 34: 5, 35: 5, 36: 5, 37: 5, 38: 5, 39: 5, 40: 5, 41: 5, 42: 5, 43: 5, 44: 5, 45: 5, 46: 5, 47: 5, 48: 5, 49: 5, 50: 5, 51: 5, 52: 5, 53: 5, 54: 5, 55: 5, 56: 5, 57: 5, 58: 5, 59: 5, 60: 5, 61: 5, 62: 5, 63: 5, 64: 5, 65: 5, 66: 5, 67: 5, 68: 5, 69: 5, 70: 5, 71: 5, 72: 5, 73: 5, 74: 5, 75: 5, 76: 5, 77: 5, 78: 5, 79: 5, 80: 5, 81: 5, 82: 5, 83: 5, 84: 5, 85: 5, 86: 5, 87: 5, 88: 5, 89: 5, 90: 5, 91: 5, 92: 5, 93: 5, 94: 5, 95: 5, 96: 5, 97: 5, 98: 5, 99: 5, 100: 5, 101: 5, 102: 5, 103: 5, 104: 5, 105: 5, 106: 5, 107: 5, 108: 5, 109: 5, 110: 5, 111: 5, 112: 5, 113: 5, 114: 5, 115: 5, 116: 5, 117: 5, 118: 5, 119: 5, 120: 5, 121: 5, 122: 5, 123: 5, 124: 5, 125: 5, 126: 5, 127: 5, 128: 5, 129: 5, 130: 5, 131: 5, 132: 5, 133: 5, 134: 5, 135: 5, 136: 5, 137: 5, 138: 5, 139: 5, 140: 5, 141: 5, 142: 5, 143: 5, 144: 5, 145: 5, 146: 5, 147: 5, 148: 5, 149: 5, 150: 5, 151: 5, 152: 5, 153: 5, 154: 5, 155: 5, 156: 5, 157: 5, 158: 5, 159: 5, 160: 5, 161: 5, 162: 5, 163: 5, 164: 5, 165: 5, 166: 5, 167: 5, 168: 5, 169: 5, 170: 5, 171: 5, 172: 5, 173: 5, 174: 5, 175: 5, 176: 5, 177: 5, 178: 5, 179: 5, 180: 5, 181: 5, 182: 5, 183: 5, 184: 5, 185: 5, 186: 5, 187: 5, 188: 5, 189: 5, 190: 5, 191: 5, 192: 5, 193: 5, 194: 5, 195: 5, 196: 5, 197: 5, 198: 5, 199: 5, 200: 5, 201: 5, 202: 5, 203: 5, 204: 5, 205: 5, 206: 5, 207: 5, 208: 5, 209: 5, 210: 5, 211: 5, 212: 5, 213: 5, 214: 5, 215: 5, 216: 5, 217: 5, 218: 5, 219: 5, 220: 5, 221: 5, 222: 5, 223: 5, 224: 5, 225: 5, 226: 5, 227: 5, 228: 5, 229: 5, 230: 5, 231: 5, 232: 5, 233: 5, 234: 5, 235: 5, 236: 5, 237: 5, 238: 5, 239: 5, 240: 5, 241: 5, 242: 5, 243: 5, 244: 5, 245: 5, 246: 5, 247: 5, 248: 5, 249: 5, 250: 5, 251: 5, 252: 5, 253: 5, 254: 5, 255: 5, 256: 5, 257: 5, 258: 5, 259: 5, 260: 5, 261: 5, 262: 5, 263: 5, 264: 5, 265: 5, 266: 5, 267: 5, 268: 5, 269: 5, 270: 5, 271: 5, 272: 5, 273: 5, 274: 5, 275: 5, 276: 5, 277: 5, 278: 5, 279: 5, 280: 5, 281: 5, 282: 5, 283: 5, 284: 5, 285: 5, 286: 5, 287: 5, 288: 5, 289: 5, 290: 5, 291: 5, 292: 5, 293: 5, 294: 5, 295: 5, 296: 5, 297: 5, 298: 5, 299: 5}
5
NUM VARIABLES
300
NUM EDGES
150
EDGES
[(0, 177), (1, 84), (1, 157), (5, 56), (5, 118), (8, 168), (9, 150), (11, 231), (12, 247), (13, 134), (16, 93), (18, 170), (19, 66), (19, 183), (20, 54), (20, 214), (20, 279), (20, 281), (21, 22), (23, 187), (26, 93), (27, 184), (32, 136), (32, 275), (33, 41), (34, 135), (35, 194), (36, 120), (38, 216), (38, 233), (40, 237), (40, 296), (41, 80), (41, 107), (41, 275), (41, 299), (42, 101), (44, 48), (44, 114), (45, 97), (45, 112), (45, 167), (46, 131), (47, 121), (47, 193), (48, 259), (49, 207), (49, 237), (51, 55), (51, 88), (52, 121), (52, 217), (53, 114), (56, 80), (57, 105), (57, 113), (58, 273), (62, 142), (63, 104), (65, 191), (66, 267), (69, 122), (69, 165), (70, 138), (70, 256), (71, 258), (73, 98), (74, 129), (74, 196), (76, 228), (77, 203), (77, 212), (77, 215), (79, 238), (79, 267), (80, 191), (81, 85), (81, 230), (82, 267), (85, 149), (86, 103), (86, 128), (86, 132), (86, 136), (86, 140), (87, 136), (87, 167), (87, 202), (88, 90), (88, 109), (93, 242), (96, 177), (101, 103), (101, 248), (104, 252), (105, 294), (113, 128), (113, 219), (114, 235), (114, 238), (114, 244), (114, 251), (115, 225), (117, 167), (119, 144), (128, 187), (128, 207), (129, 289), (130, 260), (131, 241), (132, 141), (135, 168), (138, 144), (140, 163), (142, 186), (143, 189), (144, 148), (146, 162), (146, 175), (150, 230), (151, 274), (153, 191), (154, 201), (154, 237), (157, 173), (160, 194), (162, 225), (168, 213), (169, 290), (172, 252), (176, 201), (183, 290), (184, 234), (184, 266), (184, 282), (187, 277), (191, 214), (193, 194), (197, 229), (203, 224), (203, 236), (209, 288), (210, 230), (212, 287), (223, 287), (226, 296), (238, 295), (240, 266), (241, 270), (250, 296)]
>>>>>>>>>>>>>>>>>>>>>METHOD: structured
======PARAMS
1e-05
1.15e-05
/home/walidch/mrf_project/MRFToolBox/mrftools/mrftools/Learner.py:119: FutureWarning: comparison to `None` will result in an elementwise object comparison in the future.
  if (self.tau_q == None or not self.fully_observed) and not (self.graft):
/home/walidch/mrf_project/MRFToolBox/mrftools/mrftools/Learner.py:133: FutureWarning: comparison to `None` will result in an elementwise object comparison in the future.
  if (self.tau_q == None or not self.fully_observed) and not (self.graft):
False
======PARAMS
2.5e-05
2.875e-05
False
======PARAMS
5e-05
5.75e-05
