/home/walidch/mrf_project/MRFToolBox/mrftools/mrftools/Learner.py:115: FutureWarning: comparison to `None` will result in an elementwise object comparison in the future.
  if (self.tau_q == None or not self.fully_observed) and not (self.graft):
/home/walidch/mrf_project/MRFToolBox/mrftools/mrftools/Learner.py:125: FutureWarning: comparison to `None` will result in an elementwise object comparison in the future.
  if (self.tau_q == None or not self.fully_observed) and not (self.graft):
/home/walidch/mrf_project/MRFToolBox/mrftools/mrftools/MatrixBeliefPropagator.py:194: RuntimeWarning: divide by zero encountered in log
  return np.log(np.sum(np.exp(matrix), dim, keepdims=True))
/home/walidch/mrf_project/MRFToolBox/mrftools/mrftools/MatrixBeliefPropagator.py:78: RuntimeWarning: overflow encountered in add
  beliefs = self.mn.edge_pot_tensor[:, :, self.mn.num_edges:] + to_messages + from_messages
/home/walidch/mrf_project/MRFToolBox/mrftools/mrftools/MatrixBeliefPropagator.py:194: RuntimeWarning: overflow encountered in exp
  return np.log(np.sum(np.exp(matrix), dim, keepdims=True))
/home/walidch/mrf_project/MRFToolBox/mrftools/mrftools/MatrixBeliefPropagator.py:94: RuntimeWarning: invalid value encountered in subtract
  messages = np.nan_to_num(messages - messages.max(0))
/home/walidch/mrf_project/MRFToolBox/mrftools/mrftools/MatrixBeliefPropagator.py:80: RuntimeWarning: invalid value encountered in subtract
  beliefs -= logsumexp(beliefs, (0, 1))
FETCHING DATA
>parsing ../../../ratings/jester-data-1.xls
>parsing ../../../ratings/jester-data-2.xls
>parsing ../../../ratings/jester-data-3.xls
Done!
LEARNING MRF
179.396446244
179.396446244
179.396446244
179.396446244
224.416211016
219.559197262
219.559197262
219.559197262
115.508900247
110.490215957
110.490215957
110.490215957
101.171112245
112.327875613
109.536932831
109.280905674
109.280905674
100.91484873
100.866144702
115.013885134
115.343107475
112.030168333
112.030168333
127.59967205
128.166864033
124.623250766
124.623250766
142.024142345
142.846014091
139.050846931
139.050846931
158.593661225
159.712188155
155.624524026
155.624524026
174.242015082
175.63854687
171.276835683
171.276835683
189.221034851
190.885892571
186.26026217
186.26026217
204.749140853
206.696525288
201.79145753
201.79145753
222.560452988
224.839461279
219.605247351
219.605247351
240.938166466
243.563388654
237.985947964
237.985947964
259.073638393
262.042004681
256.124449569
256.124449569
278.137725324
281.46780967
275.191394786
275.191394786
299.316877202
303.048244654
296.372958269
296.372958269
322.649332091
326.820563724
319.707928509
319.707928509
348.379537353
353.032122885
345.440276356
345.440276356
376.079518349
381.246783937
373.142691244
373.142691244
405.398015885
411.106074001
402.463308166
402.463308166
439.299857567
445.632566045
436.366779143
436.366779143
477.568649222
484.60646983
474.637104568
474.637104568
517.805453164
525.583472994
514.875493192
514.875493192
559.322530985
567.863385416
556.394118152
556.394118152
107.150776495
107.150776495
107.150776495
107.150776495
601.520905597
610.836659863
598.594115337
598.594115337
115.580942591
115.580942591
115.580942591
115.580942591
648.663864865
658.847362442
645.738108103
645.738108103
124.998829755
124.998829755
124.998829755
124.998829755
698.685209681
inf
665.938616536
665.938616536
665.938616536
inf
384.72003447
384.72003447
384.72003447
inf
inf
inf
inf
108.561923026
134.651488273
133.597958181
224.267228773
133.597958181
133.597958181
133.597958181
133.597958181
123.170213481
116.017320572
116.017320572
116.017320572
116.017320572
116.017320572
116.017320572
105.132336974
100.391290037
inf
112.727921838
112.727921838
102.937259336
102.937259336
110.464992801
105.843036633
inf
105.843036633
inf
inf
inf
inf
inf
inf
inf
inf
inf
inf
inf
inf
inf
inf
inf
inf
inf
inf
inf
inf
inf
inf
inf
inf
inf
inf
inf
inf
inf
inf
inf
inf
inf
inf
inf
inf
inf
inf
inf
inf
inf
inf
inf
inf
inf
inf
inf
inf
inf
inf
inf
inf
inf
inf
inf
inf
inf
inf
inf
inf
inf
inf
inf
inf
inf
inf
inf
inf
inf
inf
inf
inf
inf
inf
inf
inf
inf
inf
inf
inf
inf
inf
inf
inf
inf
inf
inf
inf
inf
inf
inf
inf
inf
inf
inf
inf
inf
inf
inf
inf
inf
inf
inf
inf
inf
inf
inf
inf
inf
inf
inf
inf
inf
inf
inf
inf
inf
inf
inf
inf
inf
inf
inf
inf
inf
inf
inf
inf
inf
inf
inf
inf
inf
inf
inf
inf
inf
inf
inf
inf
inf
inf
inf
inf
inf
inf
inf
inf
111.341128301
inf
103.510632931
inf
inf
inf
inf
inf
inf
inf
inf
inf
inf
inf
inf
inf
inf
inf
inf
inf
inf
inf
inf
inf
inf
inf
inf
inf
inf
inf
inf
inf
inf
inf
inf
inf
inf
inf
inf
inf
inf
inf
inf
inf
inf
inf
inf
inf
inf
inf
inf
inf
inf
inf
inf
inf
inf
inf
inf
inf
inf
inf
inf
inf
inf
inf
inf
inf
inf
inf
inf
inf
inf
inf
inf
inf
inf
inf
inf
inf
inf
inf
inf
inf
inf
inf
inf
inf
inf
inf
inf
inf
inf
inf
inf
inf
inf
inf
inf
inf
inf
inf
inf
inf
inf
inf
inf
inf
inf
inf
inf
inf
inf
inf
inf
inf
inf
inf
inf
inf
inf
inf
inf
inf
inf
inf
inf
inf
inf
inf
inf
inf
inf
inf
inf
inf
inf
inf
inf
inf
inf
inf
inf
inf
inf
inf
inf
inf
inf
inf
inf
132.906666672
inf
121.931222924
inf
109.659441581
inf
109.659441581
inf
109.659441581
inf
109.659441581
inf
109.659441581
inf
109.659441581
inf
109.659441581
inf
109.659441581
inf
109.659441581
inf
109.659441581
inf
109.659441581
inf
109.659441581
inf
109.659441581
inf
109.659441581
inf
109.659441581
inf
109.659441581
inf
109.659441581
inf
109.659441581
inf
109.659441581
inf
109.659441581
inf
109.659441581
inf
109.659441581
inf
109.659441581
inf
109.659441581
inf
109.659441581
inf
109.659441581
inf
109.659441581
inf
109.659441581
inf
109.659441581
inf
109.659441581
inf
109.659441581
inf
109.659441581
inf
109.659441581
inf
109.659441581
inf
109.659441581
inf
109.659441581
inf
109.659441581
inf
109.659441581
inf
109.659441581
inf
109.659441581
inf
109.659441581
inf
109.659441581
inf
109.659441581
inf
109.659441581
inf
109.659441581
inf
109.659441581
inf
109.659441581
inf
109.659441581
inf
109.659441581
inf
109.659441581
inf
109.659441581
inf
109.659441581
inf
109.659441581
inf
109.659441581
inf
109.659441581
inf
109.659441581
inf
109.659441581
inf
109.659441581
inf
109.659441581
inf
109.659441581
inf
109.659441581
inf
109.659441581
inf
109.659441581
inf
109.659441581
inf
109.659441581
inf
109.659441581
inf
109.659441581
inf
109.659441581
inf
109.659441581
inf
109.659441581
inf
109.659441581
inf
109.659441581
inf
109.659441581
inf
109.659441581
inf
109.659441581
inf
109.659441581
inf
109.659441581
inf
109.659441581
inf
109.659441581
inf
109.659441581
inf
109.659441581
inf
109.659441581
inf
109.659441581
inf
109.659441581
inf
109.659441581
inf
109.659441581
inf
109.659441581
inf
109.659441581
inf
109.659441581
inf
109.659441581
inf
109.659441581
inf
109.659441581
inf
109.659441581
inf
109.659441581
inf
109.659441581
inf
109.659441581
inf
109.659441581
inf
109.659441581
inf
109.659441581
inf
109.659441581
inf
109.659441581
inf
109.659441581
inf
109.659441581
inf
109.659441581
inf
109.659441581
inf
109.659441581
inf
109.659441581
inf
109.659441581
inf
109.659441581
inf
109.659441581
inf
109.659441581
inf
109.659441581
inf
109.659441581
inf
109.659441581
inf
109.659441581
inf
109.659441581
inf
109.659441581
inf
109.659441581
inf
109.659441581
inf
109.659441581
inf
109.659441581
inf
109.659441581
inf
109.659441581
inf
109.659441581
inf
109.659441581
inf
109.659441581
inf
109.659441581
inf
109.659441581
inf
109.659441581
inf
109.659441581
inf
109.659441581
inf
109.659441581
inf
109.659441581
inf
109.659441581
inf
109.659441581
inf
109.659441581
inf
109.659441581
inf
109.659441581
inf
109.659441581
inf
109.659441581
inf
109.659441581
inf
109.659441581
inf
109.659441581
inf
109.659441581
inf
109.659441581
inf
109.659441581
inf
109.659441581
inf
109.659441581
inf
131.093414692
inf
129.814874457
inf
107.904046491
inf
107.904046491
inf
107.904046491
inf
107.904046491
inf
107.904046491
inf
107.904046491
inf
107.904046491
inf
107.904046491
inf
107.904046491
inf
107.904046491
inf
107.904046491
inf
107.904046491
inf
107.904046491
inf
107.904046491
inf
107.904046491
inf
107.904046491
inf
107.904046491
inf
107.904046491
inf
107.904046491
inf
107.904046491
inf
107.904046491
inf
107.904046491
inf
107.904046491
inf
107.904046491
inf
107.904046491
inf
107.904046491
inf
107.904046491
inf
107.904046491
inf
107.904046491
inf
107.904046491
inf
107.904046491
inf
107.904046491
inf
107.904046491
inf
107.904046491
inf
107.904046491
inf
107.904046491
inf
107.904046491
inf
107.904046491
inf
107.904046491
inf
107.904046491
inf
107.904046491
inf
107.904046491
inf
107.904046491
inf
107.904046491
inf
107.904046491
inf
107.904046491
inf
107.904046491
inf
107.904046491
inf
107.904046491
inf
107.904046491
inf
107.904046491
inf
107.904046491
inf
107.904046491
inf
107.904046491
inf
107.904046491
inf
107.904046491
inf
107.904046491
inf
107.904046491
inf
107.904046491
inf
107.904046491
inf
107.904046491
inf
107.904046491
inf
107.904046491
inf
107.904046491
inf
107.904046491
inf
107.904046491
inf
107.904046491
inf
107.904046491
inf
107.904046491
inf
107.904046491
inf
107.904046491
inf
107.904046491
inf
107.904046491
inf
107.904046491
inf
107.904046491
inf
107.904046491
inf
107.904046491
inf
107.904046491
inf
107.904046491
inf
107.904046491
inf
107.904046491
inf
107.904046491
inf
107.904046491
inf
107.904046491
inf
107.904046491
inf
107.904046491
inf
107.904046491
inf
107.904046491
inf
107.904046491
inf
107.904046491
inf
107.904046491
inf
107.904046491
inf
107.904046491
inf
107.904046491
inf
107.904046491
inf
107.904046491
inf
107.904046491
inf
107.904046491
inf
107.904046491
inf
107.904046491
inf
107.904046491
inf
107.904046491
inf
107.904046491
inf
107.904046491
inf
107.904046491
inf
107.904046491
inf
107.904046491
inf
107.904046491
inf
107.904046491
inf
107.904046491
inf
107.904046491
inf
107.904046491
inf
107.904046491
inf
107.904046491
inf
107.904046491
inf
107.904046491
inf
107.904046491
inf
107.904046491
inf
107.904046491
inf
107.904046491
inf
107.904046491
inf
107.904046491
inf
107.904046491
inf
107.904046491
inf
107.904046491
inf
107.904046491
inf
107.904046491
inf
107.904046491
inf
107.904046491
inf
107.904046491
inf
107.904046491
inf
107.904046491
inf
107.904046491
inf
107.904046491
inf
107.904046491
inf
107.904046491
inf
107.904046491
inf
107.904046491
inf
107.904046491
inf
107.904046491
inf
107.904046491
inf
107.904046491
inf
107.904046491
inf
107.904046491
inf
107.904046491
inf
107.904046491
inf
107.904046491
inf
107.904046491
inf
251.009195367
inf
inf
inf
269.645605898
inf
269.645605898
inf
269.645605898
inf
269.645605898
inf
269.645605898
inf
269.645605898
inf
269.645605898
inf
269.645605898
inf
269.645605898
inf
269.645605898
inf
269.645605898
inf
269.645605898
inf
269.645605898
inf
269.645605898
inf
269.645605898
inf
269.645605898
inf
269.645605898
inf
269.645605898
inf
269.645605898
inf
269.645605898
inf
269.645605898
inf
269.645605898
inf
269.645605898
inf
269.645605898
inf
269.645605898
inf
269.645605898
inf
269.645605898
inf
269.645605898
inf
269.645605898
inf
269.645605898
inf
269.645605898
inf
269.645605898
inf
269.645605898
inf
269.645605898
inf
269.645605898
inf
269.645605898
inf
269.645605898
inf
269.645605898
inf
269.645605898
inf
269.645605898
inf
269.645605898
inf
269.645605898
inf
269.645605898
inf
269.645605898
inf
269.645605898
inf
269.645605898
inf
269.645605898
inf
269.645605898
inf
269.645605898
inf
269.645605898
inf
269.645605898
inf
269.645605898
inf
269.645605898
inf
269.645605898
inf
269.645605898
inf
269.645605898
inf
269.645605898
inf
269.645605898
inf
269.645605898
inf
269.645605898
inf
269.645605898
inf
269.645605898
inf
269.645605898
inf
269.645605898
inf
269.645605898
inf
269.645605898
inf
269.645605898
inf
269.645605898
inf
269.645605898
inf
269.645605898
inf
269.645605898
inf
269.645605898
inf
269.645605898
inf
269.645605898
inf
269.645605898
inf
269.645605898
inf
269.645605898
inf
269.645605898
inf
269.645605898
inf
269.645605898
inf
269.645605898
inf
269.645605898
inf
269.645605898
inf
269.645605898
inf
269.645605898
inf
269.645605898
inf
269.645605898
inf
269.645605898
inf
269.645605898
inf
269.645605898
inf
269.645605898
inf
269.645605898
inf
269.645605898
inf
269.645605898
inf
269.645605898
inf
269.645605898
inf
269.645605898
inf
269.645605898
inf
269.645605898
inf
269.645605898
inf
269.645605898
inf
269.645605898
inf
269.645605898
inf
269.645605898
inf
269.645605898
inf
269.645605898
inf
269.645605898
inf
269.645605898
inf
269.645605898
inf
269.645605898
inf
269.645605898
inf
269.645605898
inf
269.645605898
inf
269.645605898
inf
269.645605898
inf
269.645605898
inf
269.645605898
inf
269.645605898
inf
269.645605898
inf
269.645605898
inf
269.645605898
inf
269.645605898
inf
269.645605898
inf
269.645605898
inf
269.645605898
inf
269.645605898
inf
269.645605898
inf
269.645605898
inf
269.645605898
inf
269.645605898
inf
269.645605898
inf
269.645605898
inf
269.645605898
inf
269.645605898
inf
269.645605898
inf
269.645605898
inf
269.645605898
inf
269.645605898
inf
269.645605898
inf
269.645605898
inf
269.645605898
inf
269.645605898
inf
269.645605898
inf
269.645605898
inf
269.645605898
inf
269.645605898
inf
269.645605898
inf
269.645605898
inf
132.571492019
inf
101.036490099
inf
inf
inf
inf
inf
inf
inf
inf
inf
inf
inf
inf
inf
inf
inf
inf
inf
inf
inf
inf
inf
inf
inf
inf
inf
inf
inf
inf
inf
inf
inf
inf
inf
inf
inf
inf
inf
inf
inf
inf
inf
inf
inf
inf
inf
inf
inf
inf
inf
inf
inf
inf
inf
inf
inf
inf
inf
inf
inf
inf
inf
inf
inf
inf
inf
inf
inf
inf
inf
inf
inf
inf
inf
inf
inf
inf
inf
inf
inf
inf
inf
inf
inf
inf
inf
inf
inf
inf
inf
inf
inf
inf
inf
inf
inf
inf
inf
inf
inf
inf
inf
inf
inf
inf
inf
inf
inf
inf
inf
inf
inf
inf
inf
inf
inf
inf
inf
inf
inf
inf
inf
inf
inf
inf
inf
inf
inf
inf
inf
inf
inf
inf
inf
inf
inf
inf
inf
inf
inf
inf
inf
inf
inf
inf
inf
inf
inf
inf
inf
inf
inf
inf
inf
inf
inf
inf
inf
inf
inf
inf
inf
inf
inf
inf
inf
inf
inf
inf
inf
inf
inf
inf
inf
inf
inf
inf
inf
inf
inf
inf
inf
inf
inf
inf
inf
inf
inf
inf
inf
inf
inf
inf
inf
inf
inf
inf
inf
inf
inf
inf
inf
inf
inf
inf
inf
inf
inf
inf
inf
inf
inf
inf
inf
inf
inf
inf
inf
inf
inf
inf
inf
inf
inf
inf
inf
inf
inf
inf
inf
inf
inf
inf
inf
inf
inf
inf
inf
inf
inf
inf
inf
inf
inf
inf
inf
inf
inf
inf
inf
inf
inf
inf
inf
inf
inf
inf
inf
inf
inf
inf
inf
inf
inf
inf
inf
inf
inf
inf
inf
inf
inf
inf
inf
inf
inf
inf
inf
inf
inf
inf
inf
inf
inf
inf
inf
inf
inf
inf
inf
inf
inf
inf
inf
inf
inf
inf
inf
inf
inf
113.259848119
113.259848119
inf
inf
113.259848119
inf
113.259848119
inf
113.259848119
inf
113.259848119
inf
113.259848119
inf
113.259848119
inf
113.259848119
inf
113.259848119
inf
113.259848119
inf
113.259848119
inf
113.259848119
inf
113.259848119
inf
113.259848119
inf
113.259848119
inf
113.259848119
inf
113.259848119
inf
113.259848119
inf
113.259848119
inf
113.259848119
inf
113.259848119
inf
113.259848119
inf
113.259848119
inf
113.259848119
inf
113.259848119
inf
113.259848119
inf
113.259848119
inf
113.259848119
inf
113.259848119
inf
113.259848119
inf
113.259848119
inf
113.259848119
inf
113.259848119
inf
113.259848119
inf
113.259848119
inf
113.259848119
inf
113.259848119
inf
113.259848119
inf
113.259848119
inf
113.259848119
inf
113.259848119
inf
113.259848119
inf
113.259848119
inf
113.259848119
inf
113.259848119
inf
113.259848119
inf
113.259848119
inf
113.259848119
inf
113.259848119
inf
113.259848119
inf
113.259848119
inf
113.259848119
inf
113.259848119
inf
113.259848119
inf
113.259848119
inf
113.259848119
inf
113.259848119
inf
113.259848119
inf
113.259848119
inf
113.259848119
inf
113.259848119
inf
113.259848119
inf
113.259848119
inf
113.259848119
inf
113.259848119
inf
113.259848119
inf
113.259848119
inf
113.259848119
inf
113.259848119
inf
113.259848119
inf
113.259848119
inf
113.259848119
inf
113.259848119
inf
113.259848119
inf
113.259848119
inf
113.259848119
inf
113.259848119
inf
113.259848119
inf
113.259848119
inf
113.259848119
inf
113.259848119
inf
113.259848119
inf
113.259848119
inf
113.259848119
inf
113.259848119
inf
113.259848119
inf
113.259848119
inf
113.259848119
inf
113.259848119
inf
113.259848119
inf
113.259848119
inf
113.259848119
inf
113.259848119
inf
113.259848119
inf
113.259848119
inf
113.259848119
inf
113.259848119
inf
113.259848119
inf
113.259848119
inf
113.259848119
inf
113.259848119
inf
113.259848119
inf
113.259848119
inf
113.259848119
inf
113.259848119
inf
113.259848119
inf
113.259848119
inf
113.259848119
inf
113.259848119
inf
113.259848119
inf
113.259848119
inf
113.259848119
inf
113.259848119
inf
113.259848119
inf
113.259848119
inf
113.259848119
inf
113.259848119
inf
113.259848119
inf
113.259848119
inf
113.259848119
inf
113.259848119
inf
113.259848119
inf
113.259848119
inf
113.259848119
inf
113.259848119
inf
113.259848119
inf
113.259848119
inf
113.259848119
inf
113.259848119
inf
113.259848119
inf
113.259848119
inf
113.259848119
inf
113.259848119
inf
113.259848119
inf
113.259848119
inf
113.259848119
inf
113.259848119
inf
113.259848119
inf
113.259848119
inf
113.259848119
inf
113.259848119
inf
113.259848119
inf
113.259848119
inf
113.259848119
inf
113.259848119
inf
113.259848119
inf
113.259848119
inf
113.259848119
inf
113.259848119
inf
inf
inf
inf
inf
inf
inf
inf
inf
inf
inf
inf
inf
inf
inf
inf
inf
inf
inf
inf
inf
inf
inf
inf
inf
inf
inf
inf
inf
inf
inf
inf
inf
inf
inf
inf
inf
inf
inf
inf
inf
inf
inf
inf
inf
inf
inf
inf
inf
inf
inf
inf
inf
inf
inf
inf
inf
inf
inf
inf
inf
inf
inf
inf
inf
inf
inf
inf
inf
inf
inf
inf
inf
inf
inf
inf
inf
inf
inf
inf
inf
inf
inf
inf
inf
inf
inf
inf
inf
inf
inf
inf
inf
inf
inf
inf
inf
inf
inf
inf
inf
inf
inf
inf
inf
inf
inf
inf
inf
inf
inf
inf
inf
inf
inf
inf
inf
inf
inf
inf
inf
inf
inf
inf
inf
inf
inf
inf
inf
inf
inf
inf
inf
inf
inf
inf
inf
inf
inf
inf
inf
inf
inf
inf
inf
inf
inf
inf
inf
inf
inf
inf
inf
inf
inf
inf
inf
inf
inf
inf
inf
inf
inf
inf
inf
inf
inf
inf
inf
inf
inf
inf
inf
inf
inf
inf
inf
inf
inf
inf
inf
inf
inf
inf
inf
inf
inf
inf
inf
inf
inf
inf
inf
inf
inf
inf
inf
inf
inf
inf
inf
inf
inf
inf
inf
inf
inf
inf
inf
inf
inf
inf
inf
inf
inf
inf
inf
inf
inf
inf
inf
inf
inf
inf
inf
inf
inf
inf
inf
inf
inf
inf
inf
inf
inf
inf
inf
inf
inf
inf
inf
inf
inf
inf
inf
inf
inf
inf
inf
inf
inf
inf
inf
inf
inf
inf
inf
inf
inf
inf
inf
inf
inf
inf
inf
inf
inf
inf
inf
inf
inf
inf
inf
inf
inf
inf
inf
inf
inf
inf
inf
inf
inf
inf
inf
inf
inf
inf
inf
inf
inf
inf
inf
inf
inf
inf
inf
inf
inf
inf
inf
inf
149.905425788
inf
inf
inf
209.238053589
inf
209.238053589
inf
209.238053589
inf
209.238053589
inf
209.238053589
inf
209.238053589
inf
209.238053589
inf
209.238053589
inf
209.238053589
inf
209.238053589
inf
209.238053589
inf
209.238053589
inf
209.238053589
inf
209.238053589
inf
209.238053589
inf
209.238053589
inf
209.238053589
inf
209.238053589
inf
209.238053589
inf
209.238053589
inf
209.238053589
inf
209.238053589
inf
209.238053589
inf
209.238053589
inf
209.238053589
inf
209.238053589
inf
209.238053589
inf
209.238053589
inf
209.238053589
inf
209.238053589
inf
209.238053589
inf
209.238053589
inf
209.238053589
inf
209.238053589
inf
209.238053589
inf
209.238053589
inf
209.238053589
inf
209.238053589
inf
209.238053589
inf
209.238053589
inf
209.238053589
inf
209.238053589
inf
209.238053589
inf
209.238053589
inf
209.238053589
inf
209.238053589
inf
209.238053589
inf
209.238053589
inf
209.238053589
inf
209.238053589
inf
209.238053589
inf
209.238053589
inf
209.238053589
inf
209.238053589
inf
209.238053589
inf
209.238053589
inf
209.238053589
inf
209.238053589
inf
209.238053589
inf
209.238053589
inf
209.238053589
inf
209.238053589
inf
209.238053589
inf
209.238053589
inf
209.238053589
inf
209.238053589
inf
209.238053589
inf
209.238053589
inf
209.238053589
inf
209.238053589
inf
209.238053589
inf
209.238053589
inf
209.238053589
inf
209.238053589
inf
209.238053589
inf
209.238053589
inf
209.238053589
inf
209.238053589
inf
209.238053589
inf
209.238053589
inf
209.238053589
inf
209.238053589
inf
209.238053589
inf
209.238053589
inf
209.238053589
inf
209.238053589
inf
209.238053589
inf
209.238053589
inf
209.238053589
inf
209.238053589
inf
209.238053589
inf
209.238053589
inf
209.238053589
inf
209.238053589
inf
209.238053589
inf
209.238053589
inf
209.238053589
inf
209.238053589
inf
209.238053589
inf
209.238053589
inf
209.238053589
inf
209.238053589
inf
209.238053589
inf
209.238053589
inf
209.238053589
inf
209.238053589
inf
209.238053589
inf
209.238053589
inf
209.238053589
inf
209.238053589
inf
209.238053589
inf
209.238053589
inf
209.238053589
inf
209.238053589
inf
209.238053589
inf
209.238053589
inf
209.238053589
inf
209.238053589
inf
209.238053589
inf
209.238053589
inf
209.238053589
inf
209.238053589
inf
209.238053589
inf
209.238053589
inf
209.238053589
inf
209.238053589
inf
209.238053589
inf
209.238053589
inf
209.238053589
inf
209.238053589
inf
209.238053589
inf
209.238053589
inf
209.238053589
inf
209.238053589
inf
209.238053589
inf
209.238053589
inf
209.238053589
inf
209.238053589
inf
209.238053589
inf
209.238053589
inf
209.238053589
inf
209.238053589
inf
209.238053589
inf
209.238053589
inf
209.238053589
inf
209.238053589
inf
209.238053589
inf
209.238053589
inf
151.131098943
inf
inf
inf
inf
inf
inf
inf
inf
inf
inf
inf
inf
inf
inf
inf
inf
inf
inf
inf
inf
inf
inf
inf
inf
inf
inf
inf
inf
inf
inf
inf
inf
inf
inf
inf
inf
inf
inf
inf
inf
inf
inf
inf
inf
inf
inf
inf
inf
inf
inf
inf
inf
inf
inf
inf
inf
inf
inf
inf
inf
inf
inf
inf
inf
inf
inf
inf
inf
inf
inf
inf
inf
inf
inf
inf
inf
inf
inf
inf
inf
inf
inf
inf
inf
inf
inf
inf
inf
inf
inf
inf
inf
inf
inf
inf
inf
inf
inf
inf
inf
inf
inf
inf
inf
inf
inf
inf
inf
inf
inf
inf
inf
inf
inf
inf
inf
inf
inf
inf
inf
inf
inf
inf
inf
inf
inf
inf
inf
inf
inf
inf
inf
inf
inf
inf
inf
inf
inf
inf
inf
inf
inf
inf
inf
inf
inf
inf
inf
inf
inf
120.964407705
inf
inf
inf
188.543124615
inf
188.543124615
inf
188.543124615
inf
188.543124615
inf
188.543124615
inf
188.543124615
inf
188.543124615
inf
188.543124615
inf
188.543124615
inf
188.543124615
inf
188.543124615
inf
188.543124615
inf
188.543124615
inf
188.543124615
inf
188.543124615
inf
188.543124615
inf
188.543124615
inf
188.543124615
inf
188.543124615
inf
188.543124615
inf
188.543124615
inf
188.543124615
inf
188.543124615
inf
188.543124615
inf
188.543124615
inf
188.543124615
inf
188.543124615
inf
188.543124615
inf
188.543124615
inf
188.543124615
inf
188.543124615
inf
188.543124615
inf
188.543124615
inf
188.543124615
inf
188.543124615
inf
188.543124615
inf
188.543124615
inf
188.543124615
inf
188.543124615
inf
188.543124615
inf
188.543124615
inf
188.543124615
inf
188.543124615
inf
188.543124615
inf
188.543124615
inf
188.543124615
inf
188.543124615
inf
188.543124615
inf
188.543124615
inf
188.543124615
inf
188.543124615
inf
188.543124615
inf
188.543124615
inf
188.543124615
inf
188.543124615
inf
188.543124615
inf
188.543124615
inf
188.543124615
inf
188.543124615
inf
188.543124615
inf
188.543124615
inf
188.543124615
inf
188.543124615
inf
188.543124615
inf
188.543124615
inf
188.543124615
inf
188.543124615
inf
188.543124615
inf
188.543124615
inf
188.543124615
inf
188.543124615
inf
188.543124615
inf
188.543124615
inf
188.543124615
inf
188.543124615
inf
188.543124615
inf
188.543124615
inf
188.543124615
inf
188.543124615
inf
188.543124615
inf
188.543124615
inf
188.543124615
inf
188.543124615
inf
188.543124615
inf
188.543124615
inf
188.543124615
inf
188.543124615
inf
188.543124615
inf
188.543124615
inf
188.543124615
inf
188.543124615
inf
188.543124615
inf
188.543124615
inf
188.543124615
inf
188.543124615
inf
188.543124615
inf
188.543124615
inf
188.543124615
inf
188.543124615
inf
188.543124615
inf
188.543124615
inf
188.543124615
inf
188.543124615
inf
188.543124615
inf
188.543124615
inf
188.543124615
inf
188.543124615
inf
188.543124615
inf
188.543124615
inf
188.543124615
inf
188.543124615
inf
188.543124615
inf
188.543124615
inf
188.543124615
inf
188.543124615
inf
188.543124615
inf
188.543124615
inf
188.543124615
inf
188.543124615
inf
188.543124615
inf
188.543124615
inf
188.543124615
inf
188.543124615
inf
188.543124615
inf
188.543124615
inf
188.543124615
inf
188.543124615
inf
188.543124615
inf
188.543124615
inf
188.543124615
inf
188.543124615
inf
188.543124615
inf
188.543124615
inf
188.543124615
inf
188.543124615
inf
188.543124615
inf
188.543124615
inf
188.543124615
inf
188.543124615
inf
188.543124615
inf
188.543124615
inf
188.543124615
inf
188.543124615
inf
188.543124615
inf
188.543124615
inf
188.543124615
inf
188.543124615
inf
188.543124615
inf
145.501383144
inf
inf
inf
inf
inf
inf
inf
inf
inf
inf
inf
inf
inf
inf
inf
inf
inf
inf
inf
inf
inf
inf
inf
inf
inf
inf
inf
inf
inf
inf
inf
inf
inf
inf
inf
inf
inf
inf
inf
inf
inf
inf
inf
inf
inf
inf
inf
inf
inf
inf
inf
inf
inf
inf
inf
inf
inf
inf
inf
inf
inf
inf
inf
inf
inf
inf
inf
inf
inf
inf
inf
inf
inf
inf
inf
inf
inf
inf
inf
inf
inf
inf
inf
inf
inf
inf
inf
inf
inf
inf
inf
inf
inf
inf
inf
inf
inf
inf
inf
inf
inf
inf
inf
inf
inf
inf
inf
inf
inf
inf
inf
inf
inf
inf
inf
inf
inf
inf
inf
inf
inf
inf
inf
inf
inf
inf
inf
inf
inf
inf
inf
inf
inf
inf
inf
inf
inf
inf
inf
inf
inf
inf
inf
inf
inf
inf
inf
inf
inf
inf
105.127145972
inf
inf
inf
121.093658648
inf
121.093658648
inf
121.093658648
inf
121.093658648
inf
121.093658648
inf
121.093658648
inf
121.093658648
inf
121.093658648
inf
121.093658648
inf
121.093658648
inf
121.093658648
inf
121.093658648
inf
121.093658648
inf
121.093658648
inf
121.093658648
inf
121.093658648
inf
121.093658648
inf
121.093658648
inf
121.093658648
inf
121.093658648
inf
121.093658648
inf
121.093658648
inf
121.093658648
inf
121.093658648
inf
121.093658648
inf
121.093658648
inf
121.093658648
inf
121.093658648
inf
121.093658648
inf
121.093658648
inf
121.093658648
inf
121.093658648
inf
121.093658648
inf
121.093658648
inf
121.093658648
inf
121.093658648
inf
121.093658648
inf
121.093658648
inf
121.093658648
inf
121.093658648
inf
121.093658648
inf
121.093658648
inf
121.093658648
inf
121.093658648
inf
121.093658648
inf
121.093658648
inf
121.093658648
inf
121.093658648
inf
121.093658648
inf
121.093658648
inf
121.093658648
inf
121.093658648
inf
121.093658648
inf
121.093658648
inf
121.093658648
inf
121.093658648
inf
121.093658648
inf
121.093658648
inf
121.093658648
inf
121.093658648
inf
121.093658648
inf
121.093658648
inf
121.093658648
inf
121.093658648
inf
121.093658648
inf
121.093658648
inf
121.093658648
inf
121.093658648/home/walidch/mrf_project/MRFToolBox/mrftools/mrftools/MatrixBeliefPropagator.py:66: RuntimeWarning: invalid value encountered in subtract
  self.belief_mat -= logsumexp(self.belief_mat, 0)

inf
121.093658648
inf
121.093658648
inf
121.093658648
inf
121.093658648
inf
121.093658648
inf
121.093658648
inf
121.093658648
inf
121.093658648
inf
121.093658648
inf
121.093658648
inf
121.093658648
inf
121.093658648
inf
121.093658648
inf
121.093658648
inf
121.093658648
inf
121.093658648
inf
121.093658648
inf
121.093658648
inf
121.093658648
inf
121.093658648
inf
121.093658648
inf
121.093658648
inf
121.093658648
inf
121.093658648
inf
121.093658648
inf
121.093658648
inf
121.093658648
inf
121.093658648
inf
121.093658648
inf
121.093658648
inf
121.093658648
inf
121.093658648
inf
121.093658648
inf
121.093658648
inf
121.093658648
inf
121.093658648
inf
121.093658648
inf
121.093658648
inf
121.093658648
inf
121.093658648
inf
121.093658648
inf
121.093658648
inf
121.093658648
inf
121.093658648
inf
121.093658648
inf
121.093658648
inf
121.093658648
inf
121.093658648
inf
121.093658648
inf
121.093658648
inf
121.093658648
inf
121.093658648
inf
121.093658648
inf
121.093658648
inf
121.093658648
inf
121.093658648
inf
121.093658648
inf
121.093658648
inf
121.093658648
inf
121.093658648
inf
121.093658648
inf
121.093658648
inf
121.093658648
inf
121.093658648
inf
121.093658648
inf
121.093658648
inf
121.093658648
inf
121.093658648
inf
121.093658648
inf
121.093658648
inf
121.093658648
inf
121.093658648
inf
121.093658648
inf
121.093658648
inf
121.093658648
inf
121.093658648
inf
121.093658648
inf
121.093658648
inf
121.093658648
inf
121.093658648
inf
inf
inf
inf
inf
inf
inf
inf
inf
inf
inf
inf
inf
inf
inf
inf
inf
inf
inf
inf
inf
inf
inf
inf
inf
inf
inf
inf
inf
inf
inf
inf
inf
inf
inf
inf
inf
inf
inf
inf
inf
inf
inf
inf
inf
inf
inf
inf
inf
inf
inf
inf
inf
inf
inf
inf
inf
inf
inf
inf
inf
inf
inf
inf
inf
inf
inf
inf
inf
inf
inf
inf
inf
inf
inf
inf
inf
inf
inf
inf
inf
inf
inf
inf
inf
inf
inf
inf
inf
inf
inf
inf
inf
inf
inf
inf
inf
inf
inf
inf
inf
inf
inf
inf
inf
inf
inf
inf
inf
inf
inf
inf
inf
inf
inf
inf
inf
inf
inf
inf
inf
inf
inf
inf
inf
inf
inf
inf
inf
inf
inf
inf
inf
inf
inf
inf
inf
inf
inf
inf
inf
inf
inf
inf
inf
inf
inf
inf
inf
inf
inf
inf
inf
inf
inf
inf
inf
inf
inf
inf
inf
inf
inf
inf
inf
inf
inf
inf
inf
inf
inf
inf
inf
inf
inf
inf
inf
inf
inf
inf
inf
inf
inf
inf
inf
inf
inf
inf
inf
inf
inf
inf
inf
inf
inf
inf
inf
inf
inf
inf
inf
inf
inf
inf
inf
inf
inf
inf
inf
inf
inf
inf
inf
inf
inf
inf
inf
inf
inf
inf
inf
inf
inf
inf
inf
inf
inf
inf
inf
inf
inf
inf
inf
inf
inf
inf
inf
inf
inf
inf
inf
inf
inf
inf
inf
inf
inf
inf
inf
inf
inf
inf
inf
inf
inf
inf
inf
inf
inf
inf
inf
inf
inf
inf
inf
inf
inf
inf
inf
inf
inf
inf
inf
inf
inf
inf
inf
inf
inf
inf
inf
inf
inf
inf
inf
inf
inf
inf
inf
inf
inf
inf
inf
inf
inf
inf
inf
inf
inf
inf
inf
inf
inf
inf
inf
inf
inf
inf
inf
inf
inf
inf
inf
inf
inf
inf
inf
inf
inf
inf
inf
inf
inf
inf
inf
inf
inf
inf
inf
inf
inf
inf
inf
inf
inf
inf
inf
inf
inf
inf
inf
inf
inf
inf
inf
inf
inf
inf
inf
inf
inf
inf
inf
inf
inf
inf
inf
inf
inf
inf
inf
inf
inf
inf
inf
inf
inf
inf
inf
inf
inf
inf
inf
inf
inf
inf
inf
inf
inf
inf
inf
inf
inf
inf
inf
inf
inf
inf
inf
inf
inf
inf
inf
inf
inf
inf
inf
inf
inf
inf
inf
inf
inf
inf
inf
inf
inf
inf
inf
inf
inf
inf
inf
inf
inf
inf
inf
inf
inf
inf
inf
inf
inf
inf
inf
inf
inf
inf
inf
inf
inf
inf
inf
inf
inf
inf
inf
inf
inf
inf
inf
inf
inf
inf
inf
inf
inf
inf
inf
inf
inf
inf
inf
inf
inf
inf
inf
inf
inf
inf
inf
inf
inf
inf
inf
inf
inf
inf
inf
inf
inf
inf
inf
inf
inf
inf
inf
inf
inf
inf
inf
inf
inf
inf
inf
inf
inf
inf
inf
inf
inf
inf
inf
inf
inf
inf
inf
inf
inf
inf
inf
inf
inf
inf
inf
inf
inf
inf
inf
inf
inf
inf
inf
inf
inf
inf
inf
inf
inf
inf
inf
inf
inf
inf
inf
inf
inf
inf
inf
inf
inf
inf
inf
inf
inf
inf
inf
inf
inf
inf
inf
inf
inf
inf
inf
inf
inf
inf
inf
inf
inf
inf
inf
inf
inf
inf
inf
inf
inf
inf
inf
inf
inf
inf
inf
inf
inf
inf
inf
inf
inf
inf
inf
inf
inf
inf
inf
inf
inf
inf
inf
inf
inf
inf
inf
inf
inf
inf
inf
inf
inf
inf
inf
inf
inf
inf
inf
inf
inf
inf
inf
inf
inf
inf
inf
inf
inf
inf
inf
inf
inf
inf
inf
inf
inf
inf
inf
inf
inf
inf
inf
inf
inf
inf
inf
inf
inf
inf
inf
inf
inf
inf
inf
inf
inf
inf
inf
inf
inf
inf
inf
inf
inf
inf
inf
inf
inf
inf
inf
inf
inf
inf
inf
inf
inf
inf
inf
inf
inf
inf
inf
inf
inf
inf
inf
inf
inf
inf
inf
inf
inf
inf
inf
inf
inf
inf
inf
inf
inf
inf
inf
inf
inf
inf
inf
inf
inf
inf
inf
inf
inf
inf
inf
inf
inf
inf
inf
inf
inf
inf
inf
inf
inf
inf
inf
inf
inf
inf
inf
inf
inf
inf
inf
inf
inf
inf
inf
inf
inf
inf
inf
inf
inf
inf
inf
inf
inf
inf
inf
inf
inf
inf
inf
inf
inf
inf
inf
inf
inf
inf
inf
inf
inf
inf
inf
inf
inf
inf
inf
inf
inf
inf
inf
inf
inf
inf
inf
inf
inf
inf
inf
inf
inf
inf
inf
inf
inf
inf
inf
inf
inf
inf
inf
inf
inf
inf
inf
inf
inf
inf
inf
inf
inf
inf
inf
inf
inf
inf
inf
inf
inf
inf
inf
inf
inf
inf
inf
inf
inf
inf
inf
inf
inf
inf
inf
inf
inf
inf
inf
inf
inf
inf
inf
inf
inf
inf
inf
inf
inf
inf
inf
inf
inf
inf
inf
inf
inf
inf
inf
inf
inf
inf
inf
inf
inf
inf
inf
inf
inf
inf
inf
inf
inf
inf
inf
inf
inf
inf
inf
inf
inf
inf
inf
inf
inf
inf
inf
inf
inf
inf
inf
inf
inf
inf
inf
inf
inf
inf
inf
inf
inf
inf
inf
inf
inf
inf
inf
inf
inf
inf
inf
inf
inf
inf
inf
inf
inf
inf
inf
inf
inf
inf
inf
inf
inf
inf
inf
inf
inf
inf
inf
inf
inf
inf
inf
inf
inf
inf
inf
inf
inf
inf
inf
inf
inf
inf
inf
inf
inf
inf
inf
inf
inf
inf
inf
inf
inf
inf
inf
inf
inf
inf
inf
inf
inf
inf
inf
inf
inf
inf
inf
inf
inf
inf
inf
inf
inf
inf
inf
inf
inf
inf
inf
inf
inf
inf
inf
inf
inf
inf
inf
inf
inf
inf
inf
inf
inf
inf
inf
inf
inf
inf
inf
inf
inf
inf
inf
inf
inf
inf
inf
inf
inf
inf
inf
inf
inf
inf
inf
inf
inf
inf
inf
inf
inf
inf
inf
inf
inf
inf
inf
inf
inf
inf
inf
inf
inf
inf
inf
inf
inf
inf
inf
inf
inf
inf
inf
inf
inf
inf
inf
inf
inf
inf
inf
inf
inf
inf
inf
inf
inf
inf
inf
inf
inf
inf
inf
inf
inf
inf
inf
inf
inf
inf
inf
inf
inf
inf
inf
inf
inf
inf
inf
inf
inf
inf
inf
271.997055639
inf
220.75306141
inf
220.75306141
inf
220.75306141
inf
220.75306141
inf
220.75306141
inf
220.75306141
inf
220.75306141
inf
220.75306141
inf
220.75306141
inf
220.75306141
inf
220.75306141
inf
220.75306141
inf
220.75306141
inf
220.75306141
inf
220.75306141
inf
220.75306141
inf
220.75306141
inf
220.75306141
inf
220.75306141
inf
220.75306141
inf
220.75306141
inf
220.75306141
inf
220.75306141
inf
220.75306141
inf
220.75306141
inf
220.75306141
inf
220.75306141
inf
220.75306141
inf
220.75306141
inf
220.75306141
inf
220.75306141
inf
220.75306141
inf
220.75306141
inf
220.75306141
inf
220.75306141
inf
220.75306141
inf
220.75306141
inf
220.75306141
inf
220.75306141
inf
220.75306141
inf
220.75306141
inf
220.75306141
inf
220.75306141
inf
220.75306141
inf
220.75306141
inf
220.75306141
inf
220.75306141
inf
220.75306141
inf
220.75306141
inf
220.75306141
inf
220.75306141
inf
220.75306141
inf
220.75306141
inf
220.75306141
inf
220.75306141
inf
220.75306141
inf
220.75306141
inf
220.75306141
inf
220.75306141
inf
220.75306141
inf
220.75306141
inf
220.75306141
inf
220.75306141
inf
220.75306141
inf
220.75306141
inf
220.75306141
inf
220.75306141
inf
220.75306141
inf
220.75306141
inf
220.75306141
inf
220.75306141
inf
220.75306141
inf
220.75306141
inf
220.75306141
inf
220.75306141
inf
220.75306141
inf
220.75306141
inf
220.75306141
inf
220.75306141
inf
220.75306141
inf
220.75306141
inf
220.75306141
inf
220.75306141
inf
220.75306141
inf
220.75306141
inf
220.75306141
inf
220.75306141
inf
220.75306141
inf
220.75306141
inf
220.75306141
inf
220.75306141
inf
220.75306141
inf
220.75306141
inf
220.75306141
inf
220.75306141
inf
220.75306141
inf
220.75306141
inf
220.75306141
inf
220.75306141
inf
220.75306141
inf
220.75306141
inf
220.75306141
inf
220.75306141
inf
220.75306141
inf
220.75306141
inf
220.75306141
inf
220.75306141
inf
220.75306141
inf
220.75306141
inf
220.75306141
inf
220.75306141
inf
220.75306141
inf
220.75306141
inf
220.75306141
inf
220.75306141
inf
220.75306141
inf
220.75306141
inf
220.75306141
inf
220.75306141
inf
220.75306141
inf
220.75306141
inf
220.75306141
inf
220.75306141
inf
220.75306141
inf
220.75306141
inf
220.75306141
inf
220.75306141
inf
220.75306141
inf
220.75306141
inf
220.75306141
inf
220.75306141
inf
220.75306141
inf
220.75306141
inf
220.75306141
inf
220.75306141
inf
220.75306141
inf
220.75306141
inf
220.75306141
inf
220.75306141
inf
220.75306141
inf
220.75306141
inf
220.75306141
inf
220.75306141
inf
220.75306141
inf
220.75306141
inf
220.75306141
inf
220.75306141
inf
220.75/home/walidch/mrf_project/MRFToolBox/mrftools/mrftools/MatrixBeliefPropagator.py:78: RuntimeWarning: invalid value encountered in add
  beliefs = self.mn.edge_pot_tensor[:, :, self.mn.num_edges:] + to_messages + from_messages
306141
inf
220.75306141
inf
inf
inf
inf
inf
inf
inf
inf
inf
inf
inf
inf
inf
inf
inf
inf
inf
inf
inf
inf
inf
inf
inf
inf
inf
inf
inf
inf
inf
inf
inf
inf
inf
inf
inf
inf
inf
inf
inf
inf
inf
inf
inf
inf
inf
inf
inf
inf
inf
inf
inf
inf
inf
inf
inf
inf
inf
inf
inf
inf
inf
inf
inf
inf
inf
inf
inf
inf
inf
inf
inf
inf
inf
inf
inf
inf
inf
inf
inf
inf
inf
inf
inf
inf
inf
inf
inf
inf
inf
inf
inf
inf
inf
inf
inf
inf
inf
inf
inf
inf
inf
inf
inf
inf
inf
inf
inf
inf
inf
inf
inf
inf
inf
inf
inf
inf
inf
inf
inf
inf
inf
inf
inf
inf
inf
inf
inf
inf
inf
inf
inf
inf
inf
inf
inf
inf
inf
inf
inf
inf
inf
inf
inf
inf
inf
inf
inf
inf
inf
inf
inf
inf
405.801597744
384.447464673
inf
inf
378.181874119
378.181874119
378.181874119
378.181874119
378.181874119
378.181874119
353.195765649
338.126247238
338.126247238
368.292986686
378.181874119
378.181874119
378.181874119
353.195765649
338.126247238
338.126247238
368.292986686
378.181874119
378.181874119
378.181874119
353.195765649
338.126247238
338.126247238
368.292986686
378.181874119
378.181874119
378.181874119
353.195765649
338.126247238
338.126247238
368.292986686
378.181874119
378.181874119
378.181874119
353.195765649
338.126247238
338.126247238
368.292986686
378.181874119
378.181874119
378.181874119
353.195765649
338.126247238
338.126247238
368.292986686
378.181874119
378.181874119
378.181874119
353.195765649
338.126247238
338.126247238
368.292986686
378.181874119
378.181874119
378.181874119
353.195765649
338.126247238
338.126247238
368.292986686
378.181874119
378.181874119
378.181874119
353.195765649
338.126247238
338.126247238
368.292986686
378.181874119
378.181874119
378.181874119
353.195765649
338.126247238
338.126247238
368.292986686
378.181874119
378.181874119
378.181874119
353.195765649
338.126247238
338.126247238
368.292986686
378.181874119
378.181874119
378.181874119
353.195765649
338.126247238
338.126247238
368.292986686
378.181874119
378.181874119
378.181874119
353.195765649
338.126247238
338.126247238
368.292986686
378.181874119
378.181874119
378.181874119
353.195765649
338.126247238
338.126247238
368.292986686
378.181874119
378.181874119
378.181874119
353.195765649
338.126247238
338.126247238
368.292986686
378.181874119
378.181874119
378.181874119
353.195765649
338.126247238
338.126247238
368.292986686
378.181874119
378.181874119
378.181874119
353.195765649
338.126247238
338.126247238
368.292986686
378.181874119
378.181874119
378.181874119
353.195765649
338.126247238
338.126247238
368.292986686
378.181874119
378.181874119
378.181874119
353.195765649
338.126247238
338.126247238
368.292986686
378.181874119
378.181874119
378.181874119
353.195765649
338.126247238
338.126247238
368.292986686
378.181874119
378.181874119
378.181874119
353.195765649
338.126247238
338.126247238
368.292986686
378.181874119
378.181874119
378.181874119
353.195765649
338.126247238
338.126247238
368.292986686
378.181874119
378.181874119
378.181874119
353.195765649
338.126247238
338.126247238
368.292986686
378.181874119
378.181874119
378.181874119
353.195765649
338.126247238
338.126247238
368.292986686
378.181874119
378.181874119
378.181874119
353.195765649
338.126247238
338.126247238
inf
inf
inf
inf
inf
inf
inf
inf
inf
inf
inf
inf
inf
inf
inf
inf
inf
inf
inf
inf
inf
inf
inf
inf
inf
inf
inf
inf
inf
inf
inf
inf
inf
inf
inf
inf
inf
inf
inf
inf
inf
inf
inf
inf
inf
inf
inf
inf
inf
inf
inf
inf
inf
inf
inf
inf
inf
inf
inf
inf
inf
inf
inf
inf
inf
inf
inf
inf
inf
inf
inf
inf
inf
inf
inf
inf
inf
inf
inf
inf
inf
inf
inf
inf
inf
inf
inf
inf
inf
inf
inf
inf
inf
inf
inf
inf
inf
inf
inf
inf
inf
inf
inf
inf
inf
inf
inf
inf
inf
inf
inf
inf
inf
inf
inf
inf
inf
inf
inf
inf
inf
inf
inf
inf
inf
inf
inf
inf
inf
inf
inf
inf
inf
inf
inf
inf
inf
inf
inf
inf
inf
inf
inf
inf
inf
inf
inf
inf
inf
inf
inf
inf
inf
inf
inf
inf
inf
inf
inf
inf
inf
inf
inf
inf
inf
inf
inf
inf
inf
inf
inf
inf
inf
inf
inf
inf
inf
inf
inf
inf
inf
inf
inf
inf
inf
inf
inf
inf
inf
inf
inf
inf
inf
inf
inf
inf
inf
inf
inf
inf
inf
inf
inf
inf
inf
inf
inf
inf
inf
inf
inf
inf
inf
inf
inf
inf
inf
inf
inf
inf
inf
inf
inf
inf
inf
inf
inf
inf
inf
inf
inf
inf
inf
inf
inf
inf
inf
inf
inf
inf
inf
inf
inf
inf
inf
inf
inf
inf
inf
inf
inf
inf
inf
inf
inf
inf
inf
inf
inf
inf
inf
inf
inf
inf
inf
inf
inf
inf
inf
inf
inf
inf
inf
inf
inf
inf
inf
inf
inf
inf
inf
inf
inf
inf
inf
inf
inf
inf
inf
inf
inf
inf
inf
inf
inf
inf
inf
inf
TESTING
Accuracy
0.147841819592
Accuracy
0.20832256397
Accuracy
0.179029895753
Accuracy
0.243473765831
Accuracy
0.197725510468
Accuracy
0.128026191092
Accuracy
0.259240113724
Accuracy
0.21848884294
Accuracy
0.199534763505
Accuracy
0.149392607909
Accuracy
0.118807616094
Accuracy
0.126733867494
Accuracy
0.326354785905
Accuracy
0.145171017489
Accuracy
0.32127164642
Accuracy
0.421642112518
Accuracy
0.216593434996
Accuracy
0.225553545274
Accuracy
0.1823037822
Accuracy
0.259584733351
Accuracy
0.107349013526
Accuracy
0.162057379168
Accuracy
0.194882398553
Accuracy
0.264495563022
Accuracy
0.179546825192
Accuracy
0.131730852072
Accuracy
0.0745239941415
Accuracy
0.131558542259
Accuracy
0.0891703282502
Accuracy
0.201688636168
Accuracy
0.112087533385
Accuracy
0.0674592918067
Accuracy
0.257689325407
Accuracy
0.151288015853
Accuracy
0.0765055569915
Accuracy
0.0557422245197
Accuracy
0.252347721203
Accuracy
0.144395623331
Accuracy
0.138278624968
Accuracy
0.155337296459
Accuracy
0.240113724477
Accuracy
0.113035237357
Accuracy
0.237012147842
Accuracy
0.292495907642
Accuracy
0.143706384079
Accuracy
0.142414060481
Accuracy
0.135349358146
Accuracy
0.121995347635
Accuracy
0.0810717670371
Accuracy
0.0530714224175
Accuracy
0.257775480314
Accuracy
0.217196519342
Accuracy
0.0871026104937
Accuracy
0.0893426380632
Accuracy
0.182131472387
Accuracy
0.113121392263
Accuracy
0.291892823296
Accuracy
0.393297148273
Accuracy
0.205393297148
Accuracy
0.22021194107
Accuracy
0.0945119324546
Accuracy
0.0763332471784
Accuracy
0.193417765142
Accuracy
0.214956491772
Accuracy
0.119324545533
Accuracy
0.0916688205393
Accuracy
0.22813819247
Accuracy
0.0852933574567
Accuracy
0.0900318773154
Accuracy
0.155251141553
Accuracy
0.125441543896
Accuracy
0.0331696390109
Accuracy
0.0709916429741
Accuracy
0.124235375205
Accuracy
0.104075127078
Accuracy
0.0407512707849
Accuracy
0.0754716981132
Accuracy
0.0545360558284
Accuracy
0.0958042560524
Accuracy
0.0799517532523
Accuracy
0.0642715602654
Accuracy
0.0709916429741
Accuracy
0.0560006892393
Accuracy
0.078745584561
Accuracy
0.0817610062893
Accuracy
0.0853795123632
Accuracy
0.0491082967175
Accuracy
0.0466098044284
Accuracy
0.0385973981218
Accuracy
0.0888257086241
Accuracy
0.0594468855001
Accuracy
0.0780563453089
Accuracy
0.0453174808305
Accuracy
0.0800379081589
Accuracy
0.0838287240458
Accuracy
0.0658223485828
Accuracy
0.0697854742828
Accuracy
0.100112001378
Accuracy
0.116309123805
Accuracy
0.0844318083915
Mean accuracy
0.1443775308
