/home/walidch/mrf_project/MRFToolBox/mrftools/mrftools/Learner.py:115: FutureWarning: comparison to `None` will result in an elementwise object comparison in the future.
  if (self.tau_q == None or not self.fully_observed) and not (self.graft):
/home/walidch/mrf_project/MRFToolBox/mrftools/mrftools/Learner.py:125: FutureWarning: comparison to `None` will result in an elementwise object comparison in the future.
  if (self.tau_q == None or not self.fully_observed) and not (self.graft):
FETCHING DATA
>parsing ../../../ratings/jester-data-1.xls
>parsing ../../../ratings/jester-data-2.xls
>parsing ../../../ratings/jester-data-3.xls
Done!
LEARNING MRF
(98, 100)
(98, 99)
(97, 100)
(97, 98)
(97, 99)
(96, 100)
(96, 97)
(96, 99)
(96, 98)
(95, 100)
(95, 99)
(95, 96)
(95, 98)
(95, 97)
(94, 100)
(94, 99)
(94, 97)
(94, 98)
(94, 95)
(94, 96)
(93, 100)
(93, 94)
(93, 97)
(93, 95)
(92, 100)
(92, 95)
(93, 98)
(92, 93)
(93, 99)
(93, 96)
(91, 100)
(91, 97)
(92, 98)
(92, 94)
(92, 97)
(92, 99)
(92, 96)
(91, 95)
(91, 94)
(91, 98)
(91, 93)
(91, 96)
(91, 99)
(91, 92)
(90, 100)
(90, 91)
(89, 100)
(89, 93)
(90, 97)
(90, 94)
(90, 95)
(90, 98)
(90, 96)
(90, 93)
(90, 99)
(90, 92)
(89, 94)
(89, 95)
(89, 96)
(89, 91)
(89, 98)
(89, 97)
(89, 99)
(89, 92)
(89, 90)
(88, 100)
(88, 94)
(88, 93)
(88, 92)
(88, 91)
(88, 90)
(88, 89)
(88, 97)
(88, 99)
(88, 96)
(88, 98)
(88, 95)
(87, 100)
(87, 94)
(87, 95)
(87, 92)
(87, 93)
(87, 98)
(87, 99)
(87, 96)
(87, 91)
(87, 89)
(87, 88)
(87, 90)
(87, 97)
(86, 100)
(86, 99)
(86, 89)
(86, 98)
(86, 87)
(86, 88)
(86, 91)
(86, 90)
(86, 93)
(86, 92)
(84, 85)
(57, 58)
(83, 84)
(83, 85)
(82, 86)
(86, 97)
(86, 94)
(86, 96)
(86, 95)
(82, 87)
(82, 99)
(82, 89)
(82, 98)
(82, 88)
(82, 91)
(82, 100)
(82, 90)
(82, 93)
(82, 92)
(82, 94)
(82, 97)
(82, 95)
(82, 96)
(82, 83)
(82, 85)
(82, 84)
(85, 98)
(85, 89)
(85, 90)
(85, 96)
(85, 91)
(85, 86)
(85, 97)
(85, 92)
(85, 87)
(85, 93)
(85, 94)
(85, 95)
(85, 88)
(85, 99)
(85, 100)
(84, 89)
(84, 100)
(84, 94)
(84, 97)
(84, 98)
(84, 99)
(84, 93)
(84, 92)
(84, 96)
(84, 90)
(84, 87)
(84, 95)
(84, 88)
(84, 91)
(84, 86)
(83, 91)
(83, 98)
(83, 89)
(83, 100)
(83, 97)
(83, 94)
(83, 87)
(83, 96)
(83, 93)
(83, 99)
(83, 90)
(83, 95)
(83, 92)
(83, 88)
(83, 86)
(80, 81)
(79, 81)
(79, 80)
(78, 81)
(78, 79)
(78, 80)
(77, 81)
(77, 78)
(77, 79)
(77, 80)
(76, 81)
(76, 77)
(76, 79)
(76, 78)
(76, 80)
(75, 81)
(75, 80)
(75, 79)
(75, 76)
(75, 78)
(75, 77)
(74, 81)
(74, 75)
(74, 79)
(74, 80)
(74, 77)
(74, 78)
(74, 76)
(9, 100)
(9, 90)
(9, 96)
(9, 91)
(9, 97)
(44, 58)
(44, 57)
(44, 56)
(44, 55)
(44, 54)
(44, 53)
(44, 52)
(44, 51)
(44, 50)
(50, 53)
(50, 56)
(50, 54)
(54, 56)
(50, 51)
(50, 55)
(44, 49)
(49, 54)
(49, 50)
(49, 56)
(49, 53)
(53, 54)
(53, 56)
(49, 51)
(51, 54)
(51, 56)
(51, 53)
(19, 56)
(19, 50)
(19, 51)
(19, 49)
(19, 54)
(19, 53)
(19, 44)
(19, 55)
(55, 56)
(19, 52)
(52, 56)
(52, 54)
(52, 53)
(49, 55)
(54, 55)
(49, 52)
(73, 81)
(73, 77)
(73, 79)
(73, 74)
(73, 80)
(73, 75)
(73, 78)
(73, 76)
(72, 80)
(72, 76)
(72, 78)
(72, 77)
(72, 73)
(80, 98)
(72, 81)
(72, 79)
(72, 74)
(72, 75)
(71, 81)
(71, 72)
(71, 79)
(71, 74)
(71, 75)
(71, 76)
(71, 78)
(71, 77)
(71, 80)
(28, 71)
(71, 73)
(71, 98)
(78, 98)
(76, 98)
(58, 100)
(4, 58)
(24, 58)
(9, 58)
(24, 57)
(9, 57)
(9, 24)
(4, 57)
(4, 9)
(4, 24)
(4, 33)
(4, 37)
(37, 57)
(37, 58)
(3, 4)
(3, 33)
(3, 9)
(3, 24)
(3, 58)
(24, 33)
(33, 57)
(33, 58)
(3, 37)
(3, 57)
(33, 37)
(24, 37)
(9, 33)
(9, 37)
(79, 98)
(72, 98)
(77, 98)
(9, 67)
(74, 98)
(24, 67)
(1, 9)
(1, 4)
(1, 3)
(1, 24)
(1, 57)
(1, 37)
(1, 33)
(1, 58)
(75, 98)
(73, 98)
(75, 89)
(61, 75)
(81, 98)
(54, 61)
(31, 61)
(54, 93)
(72, 83)
(62, 89)
(72, 84)
(72, 92)
(72, 82)
(72, 93)
(76, 84)
(73, 84)
(81, 84)
(78, 84)
(80, 84)
(75, 84)
(77, 84)
(72, 85)
(36, 72)
(79, 84)
(74, 84)
(76, 82)
(79, 82)
(78, 82)
(73, 82)
(0, 0)
--------------------OUTERLOOP
REMOVING ZERO EDGES
0.687312232644
0.625701561364
0.436107822719
0.445840784356
0.355733065362
0.345573160642
0.391985528104
0.468478567101
0.312516898372
0.293324002527
0.315791868564
0.248124704402
0.41021598873
0.250528439146
0.342203836112
0.256610090653
0.167757353899
0.301593538878
0.180462967138
0.401375743489
0.34457769325
0.154882494175
0.253396932988
0.177000547268
0.233270172999
0.131152220312
0.208258317458
0.189416997042
0.233845168171
0.0789595550461
0.228770428187
0.128607364153
0.134138402571
0.322364169816
0.235258968298
0.116970206234
0.0718831203425
0.185569996028
0.189216024451
0.250093601784
0.0839253459681
0.22949983425
0.168000580995
0.092714495041
0.305374217269
0.0812248266244
0.363796239462
0.0853190518469
0.207564571386
0.0852080786785
0.189111228072
0.123425252326
0.0567722945045
0.122994158125
0.15977650735
0.0439339499529
0.229427649989
0.159259524817
0.138010775297
0.131525630092
0.367565785938
0.0882830822306
0.107588565068
0.0330163555808
0.247467495376
0.32675121166
0.0777153746495
0.146757955302
0.143879097026
0.197036962789
0.313944057519
0.307570520689
0.387573602969
0.0923312180851
0.0378757266567
0.115219655887
0.044135761756
0.102847006368
0.0809299436567
0.108502009243
0.0858842753557
0.181696906979
0.137330829876
0.0666771702513
0.0386582380969
0.0875223755595
0.275395197761
0.332718283275
0.401178317303
0.26625298793
0.0347301335588
0.0346243703989
0.0348825367994
0.259923639587
0.0291148880886
0.356617486055
0.336901184447
0.232433567865
0.262144711888
0.0771332573279
0.142092967832
0.403060063344
0.308211904617
0.186873936664
0.20192899687
0.181573759252
0.034457222402
0.251105726419
0.0787803010031
0.0701480625966
0.150229589566
0.04219114756
0.128084982181
0.0316378691922
0.15346155297
0.0913370030496
0.0489447991953
0.13308200482
0.0921881167574
0.0851327282618
0.0783270301656
0.0489273966803
0.0612997297861
0.0540650653206
0.196074416664
0.163942830382
0.0950689387447
0.0833625834208
0.212731485069
0.193306981572
0.116926988475
0.15275169274
0.308488398969
0.0867020850456
0.268614628782
0.288783527716
0.145556585797
0.102178547231
0.0838518966805
0.241571129444
0.126596250265
0.117652314235
0.0345915610482
0.0119994856588
0.0244637289295
0.0636876017613
0.0658747714046
0.0414245525033
0.0389361639688
0.173644070536
0.0221334736578
0.0858004076191
0.0650128884327
0.0460609591929
0.0578435211354
0.0509618704412
0.0843163854125
0.152711515305
0.139478066171
0.231183717579
0.059125808776
0.0356925881352
0.0923477267787
0.242982939491
0.0288545545727
0.193107329348
0.0185225866348
0.149493218861
0.0462570896483
0.179427313933
0.206422806087
0.237826758112
0.186061779646
0.283893186745
0.331477987927
0.1527974976
0.155736996525
0.173131634736
0.205760856578
0.256979069739
0.344210423992
0.189684620792
0.0963345353942
0.159503379131
0.110611902563
0.0762543628558
0.081727617909
0.201459023996
0.159524187628
0.287501079362
0.203638475433
0.16761038356
0.239730008643
0.107830566123
0.260290534708
0.17556100175
0.0878055650685
0.134680481034
0.104951201113
0.108950480602
0.00713163342535
0.0121694150226
0.0315784104951
0.0484462788285
0.0347651770829
0.0281685989824
0.0701396700166
0.0448133767289
0.0235289166566
0.0106764137642
0.0228874393315
0.0322363933227
0.0122814858867
0.028295402643
0.119634100139
0.0385127941866
0.0433256745197
0.00355688660435
0.0390906193488
0.0332964608612
0.0381271937182
0.0122107104026
0.0387846841834
0.147378250338
0.0379366579259
0.0633798795772
0.0156891418867
0.0128159276031
0.0264979073256
0.0343788335903
0.0363699998282
0.00724562218297
0.0300256178213
0.0582999484298
0.0554625315648
0.0110418337318
0.0768693022882
0.0167086439861
0.0351708440531
0.0258733466007
0.0169350095272
0.0142189573755
0.0125844266493
0.0108300395647
0.00251455927523
0.0239823560852
0.0190972063413
0.258237840098
0.134374785642
0.180207529015
0.125274905698
0.123599971986
0.149419056792
0.100284047302
0.0868332662644
0.193461326132
0.226984524701
0.216600616294
0.254764884229
0.296990203412
0.131611613514
0.23648970707
0.18772552303
0.220779741912
0.229402921837
0.168220439361
0.216781900659
0.257112322508
0.234811364275
0.286179648756
0.183017170393
0.194231722774
0.189534668056
0.132363068827
0.0235772208146
0.184646844559
0.0717016807347
0.0633969861499
0.0243082151697
0.0241843895915
0.0289052462236
0.18959691728
0.246920406631
0.167901500476
0.254935769908
0.0435748770928
0.0182303703905
0.0982279772014
0.0171901395849
0.0881950536334
0.254142451428
0.177568885525
0.485888654211
0.00920609935474
0.0147036026917
0.0356917260187
0.0471347289356
0.0259706519423
0.0913676594545
0.00150369785888
0.0503974939635
0.0838825957149
0.0146075963201
0.0178009403709
0.0146666376025
0.257977750313
0.0319005167897
0.121076434608
0.232846591937
0.274700850466
0.0312484571021
0.0663052311825
0.0172949667212
0.29764629512
0.183709591951
0.0460113447478
0.0164639141347
0.00905897241385
0.024436561719
0.00764894396043
0.130581590765
0.0989205444342
0.156576237999
0.246425960662
0.0198240547945
0.272658520042
0.157940598591
0.43068405214
0.121739971101
0.511282171389
0.129829964464
0.286694707406
0.318916722165
0.314834233956
0.805185312601
0.207823411204
0.216033017403
0.65499362108
0.91962343755
1.20711653903
0.579538626383
0.520589549547
0.687296309033
0.930617435973
2.04176786462
1.21045322949
2.33398483484
1.79827442591
2.03670091989
1.42584589218
Cleaned Active set
[(99, 100), (98, 100), (98, 99), (97, 100), (97, 98), (97, 99), (96, 100), (96, 97), (96, 99), (96, 98), (95, 100), (95, 99), (95, 96), (95, 98), (95, 97), (94, 100), (94, 99), (94, 97), (94, 98), (94, 95), (94, 96), (93, 100), (93, 94), (93, 97), (93, 95), (92, 100), (92, 95), (93, 98), (92, 93), (93, 99), (93, 96), (91, 100), (91, 97), (92, 98), (92, 94), (92, 97), (92, 99), (92, 96), (91, 95), (91, 94), (91, 98), (91, 93), (91, 96), (91, 99), (91, 92), (90, 100), (90, 91), (89, 100), (89, 93), (90, 97), (90, 94), (90, 95), (90, 98), (90, 96), (90, 93), (90, 99), (90, 92), (89, 94), (89, 95), (89, 96), (89, 91), (89, 98), (89, 97), (89, 99), (89, 92), (89, 90), (88, 100), (88, 94), (88, 93), (88, 92), (88, 91), (88, 90), (88, 89), (88, 97), (88, 99), (88, 96), (88, 98), (88, 95), (87, 100), (87, 94), (87, 95), (87, 92), (87, 93), (87, 98), (87, 99), (87, 96), (87, 91), (87, 89), (87, 88), (87, 90), (87, 97), (86, 100), (86, 99), (86, 89), (86, 98), (86, 87), (86, 88), (86, 91), (86, 90), (86, 93), (86, 92), (84, 85), (57, 58), (83, 84), (83, 85), (82, 86), (86, 97), (86, 94), (86, 96), (86, 95), (82, 87), (82, 99), (82, 89), (82, 98), (82, 88), (82, 91), (82, 100), (82, 90), (82, 93), (82, 92), (82, 94), (82, 97), (82, 95), (82, 96), (82, 83), (82, 85), (82, 84), (85, 98), (85, 89), (85, 90), (85, 96), (85, 91), (85, 86), (85, 97), (85, 92), (85, 87), (85, 93), (85, 94), (85, 95), (85, 88), (85, 99), (85, 100), (84, 89), (84, 100), (84, 94), (84, 97), (84, 98), (84, 99), (84, 93), (84, 92), (84, 96), (84, 90), (84, 87), (84, 95), (84, 88), (84, 91), (84, 86), (83, 91), (83, 98), (83, 89), (83, 100), (83, 97), (83, 94), (83, 87), (83, 96), (83, 93), (83, 99), (83, 90), (83, 95), (83, 92), (83, 88), (83, 86), (80, 81), (79, 81), (79, 80), (78, 81), (78, 79), (78, 80), (77, 81), (77, 78), (77, 79), (77, 80), (76, 81), (76, 77), (76, 79), (76, 78), (76, 80), (75, 81), (75, 80), (75, 79), (75, 76), (75, 78), (75, 77), (74, 81), (74, 75), (74, 79), (74, 80), (74, 77), (74, 78), (74, 76), (9, 100), (9, 90), (9, 96), (9, 91), (9, 97), (44, 58), (44, 57), (44, 56), (44, 55), (44, 54), (44, 53), (44, 52), (44, 51), (44, 50), (50, 53), (50, 56), (50, 54), (54, 56), (50, 51), (50, 55), (44, 49), (49, 54), (49, 50), (49, 56), (49, 53), (53, 54), (53, 56), (49, 51), (51, 54), (51, 56), (51, 53), (19, 56), (19, 50), (19, 51), (19, 49), (19, 54), (19, 53), (19, 44), (19, 55), (55, 56), (19, 52), (52, 56), (52, 54), (52, 53), (49, 55), (54, 55), (49, 52), (73, 81), (73, 77), (73, 79), (73, 74), (73, 80), (73, 75), (73, 78), (73, 76), (72, 80), (72, 76), (72, 78), (72, 77), (72, 73), (80, 98), (72, 81), (72, 79), (72, 74), (72, 75), (71, 81), (71, 72), (71, 79), (71, 74), (71, 75), (71, 76), (71, 78), (71, 77), (71, 80), (28, 71), (71, 73), (71, 98), (78, 98), (76, 98), (58, 100), (4, 58), (24, 58), (9, 58), (24, 57), (9, 57), (9, 24), (4, 57), (4, 9), (4, 24), (4, 33), (4, 37), (37, 57), (37, 58), (3, 4), (3, 33), (3, 9), (3, 24), (3, 58), (24, 33), (33, 57), (33, 58), (3, 37), (3, 57), (33, 37), (24, 37), (9, 33), (9, 37), (79, 98), (72, 98), (77, 98), (9, 67), (74, 98), (24, 67), (1, 9), (1, 4), (1, 3), (1, 24), (1, 57), (1, 37), (1, 33), (1, 58), (75, 98), (73, 98), (75, 89), (61, 75), (81, 98), (54, 61), (31, 61), (54, 93), (72, 83), (62, 89), (72, 84), (72, 92), (72, 82), (72, 93), (76, 84), (73, 84), (81, 84), (78, 84), (80, 84), (75, 84), (77, 84), (72, 85), (36, 72), (79, 84), (74, 84), (76, 82), (79, 82), (78, 82), (73, 82)]
TESTING
Accuracy
0.439217713449
Accuracy
0.283105022831
Accuracy
0.269147927974
Accuracy
0.5121047974
Accuracy
0.512104764366
Accuracy
0.348582751788
Accuracy
0.372706125614
Accuracy
0.306797622125
Accuracy
0.345739639872
Accuracy
0.41095890411
Accuracy
0.351512018609
Accuracy
0.354355130525
Accuracy
0.380632377014
Accuracy
0.326354785905
Accuracy
0.353407426553
Accuracy
0.32127164642
Accuracy
0.421642112518
Accuracy
0.365382958559
Accuracy
0.345395020246
Accuracy
0.357456707159
Accuracy
0.30145601792
Accuracy
0.357715171879
Accuracy
0.343154992677
Accuracy
0.317997759972
Accuracy
0.523735676747
Accuracy
0.341948823986
Accuracy
0.378564659257
Accuracy
0.424226759714
Accuracy
0.354010510899
Accuracy
0.419057465323
Accuracy
0.287326613251
Accuracy
0.479193590075
Accuracy
0.408632721633
Accuracy
0.141380201602
Accuracy
0.336004135436
Accuracy
0.404411131214
Accuracy
0.435340742655
Accuracy
0.463599551994
Accuracy
0.351598173516
Accuracy
0.368484535194
Accuracy
0.352287412768
Accuracy
0.26380632377
Accuracy
0.367450676316
Accuracy
0.251572327044
Accuracy
0.293443611614
Accuracy
0.379856982855
Accuracy
0.360989058327
Accuracy
0.35917980529
Accuracy
0.367967605755
Accuracy
0.495993796847
Accuracy
0.560351512019
Accuracy
0.301197553201
Accuracy
0.302231412079
Accuracy
0.471008873955
Accuracy
0.482467476523
Accuracy
0.328939433101
Accuracy
0.381666235892
Accuracy
0.199276298785
Accuracy
0.219867321444
Accuracy
0.279744981477
Accuracy
0.262341690359
Accuracy
0.381407771173
Accuracy
0.391229430516
Accuracy
0.312225381235
Accuracy
0.264754027742
Accuracy
0.373481519773
Accuracy
0.378133884725
Accuracy
0.259929352977
Accuracy
0.382183165331
Accuracy
0.385026277246
Accuracy
0.35693977772
Accuracy
0.721030412682
Accuracy
0.72800896011
Accuracy
0.721030412682
Accuracy
0.586542603601
Accuracy
0.569311622297
Accuracy
0.585164125097
Accuracy
0.562763849401
Accuracy
0.72404583441
Accuracy
0.69234082881
Accuracy
0.558800723701
Accuracy
0.551219091927
Accuracy
0.552339105712
Accuracy
0.74187990006
Accuracy
0.545188248471
Accuracy
0.677005255449
Accuracy
0.628327733264
Accuracy
0.580167140519
Accuracy
0.528388041699
Accuracy
0.529680365297
Accuracy
0.524941845438
Accuracy
0.523046437495
Accuracy
0.511501680021
Accuracy
0.504867752218
Accuracy
0.497286120445
Accuracy
0.492289135866
Accuracy
0.48599982769
Accuracy
0.483759800121
Accuracy
0.468510381666
Accuracy
0.458688722323
Accuracy
0.486344447316
Mean accuracy
0.422910312742
