================================= ///////////////////START//////////////// ========================================= 
======================================Simulating data...
> Creating model
> Generating data
[0, 1, 2, 3, 4, 5, 6, 7, 8, 9]
{0: 5, 1: 5, 2: 5, 3: 5, 4: 5, 5: 5, 6: 5, 7: 5, 8: 5, 9: 5}
5
NUM VARIABLES
10
NUM EDGES
1
EDGES
[(5, 7)]
SS
{(5, 9): array([[   0.],
       [   1.],
       [   0.],
       [   0.],
       [   1.],
       [   0.],
       [   0.],
       [   2.],
       [   1.],
       [   1.],
       [   0.],
       [   1.],
       [   1.],
       [   0.],
       [   1.],
       [   1.],
       [   0.],
       [   1.],
       [   3.],
       [   2.],
       [ 122.],
       [ 111.],
       [ 135.],
       [  95.],
       [ 121.]]), (4, 7): array([[   3.],
       [   0.],
       [ 108.],
       [   0.],
       [   0.],
       [   8.],
       [   0.],
       [ 112.],
       [   0.],
       [   2.],
       [   7.],
       [   1.],
       [ 110.],
       [   0.],
       [   1.],
       [   4.],
       [   1.],
       [ 118.],
       [   0.],
       [   0.],
       [  10.],
       [   1.],
       [ 111.],
       [   0.],
       [   3.]]), (1, 3): array([[ 22.],
       [ 30.],
       [ 17.],
       [ 20.],
       [ 22.],
       [ 27.],
       [ 21.],
       [ 26.],
       [ 27.],
       [ 32.],
       [ 19.],
       [ 14.],
       [ 26.],
       [ 22.],
       [ 26.],
       [ 26.],
       [ 26.],
       [ 25.],
       [ 26.],
       [ 25.],
       [ 24.],
       [ 22.],
       [ 23.],
       [ 34.],
       [ 18.]]), (4, 8): array([[ 24.],
       [ 21.],
       [ 16.],
       [ 23.],
       [ 27.],
       [ 24.],
       [ 24.],
       [ 27.],
       [ 18.],
       [ 29.],
       [ 26.],
       [ 27.],
       [ 26.],
       [ 21.],
       [ 19.],
       [ 17.],
       [ 38.],
       [ 25.],
       [ 23.],
       [ 20.],
       [ 34.],
       [ 20.],
       [ 26.],
       [ 28.],
       [ 17.]]), (5, 6): array([[   0.],
       [   0.],
       [   1.],
       [   1.],
       [   0.],
       [   1.],
       [   0.],
       [   2.],
       [   0.],
       [   1.],
       [   0.],
       [   1.],
       [   0.],
       [   0.],
       [   2.],
       [   0.],
       [   0.],
       [   5.],
       [   0.],
       [   2.],
       [ 109.],
       [  91.],
       [ 131.],
       [ 143.],
       [ 110.]]), (2, 8): array([[ 26.],
       [ 30.],
       [ 26.],
       [ 24.],
       [ 28.],
       [ 39.],
       [ 25.],
       [ 24.],
       [ 28.],
       [ 16.],
       [ 24.],
       [ 22.],
       [ 26.],
       [ 19.],
       [ 20.],
       [ 22.],
       [ 23.],
       [ 24.],
       [ 19.],
       [ 24.],
       [ 14.],
       [ 30.],
       [ 20.],
       [ 23.],
       [ 24.]]), (6, 9): array([[ 33.],
       [ 16.],
       [ 25.],
       [ 18.],
       [ 18.],
       [ 20.],
       [ 20.],
       [ 19.],
       [ 16.],
       [ 17.],
       [ 31.],
       [ 29.],
       [ 37.],
       [ 16.],
       [ 26.],
       [ 24.],
       [ 23.],
       [ 35.],
       [ 23.],
       [ 39.],
       [ 15.],
       [ 25.],
       [ 23.],
       [ 26.],
       [ 26.]]), (0, 7): array([[   8.],
       [   1.],
       [ 114.],
       [   0.],
       [   0.],
       [   7.],
       [   1.],
       [ 112.],
       [   0.],
       [   1.],
       [   8.],
       [   1.],
       [ 109.],
       [   0.],
       [   2.],
       [   5.],
       [   0.],
       [ 117.],
       [   0.],
       [   0.],
       [   4.],
       [   0.],
       [ 107.],
       [   0.],
       [   3.]]), (8, 9): array([[ 22.],
       [ 23.],
       [ 28.],
       [ 18.],
       [ 34.],
       [ 31.],
       [ 23.],
       [ 43.],
       [ 16.],
       [ 17.],
       [ 24.],
       [ 22.],
       [ 21.],
       [ 29.],
       [ 24.],
       [ 29.],
       [ 17.],
       [ 23.],
       [ 18.],
       [ 26.],
       [ 17.],
       [ 28.],
       [ 24.],
       [ 18.],
       [ 25.]]), (1, 6): array([[ 16.],
       [ 21.],
       [ 26.],
       [ 27.],
       [ 21.],
       [ 23.],
       [ 22.],
       [ 37.],
       [ 31.],
       [ 20.],
       [ 20.],
       [ 20.],
       [ 28.],
       [ 24.],
       [ 15.],
       [ 22.],
       [ 13.],
       [ 27.],
       [ 38.],
       [ 28.],
       [ 29.],
       [ 16.],
       [ 21.],
       [ 24.],
       [ 31.]]), (3, 7): array([[   7.],
       [   1.],
       [ 110.],
       [   0.],
       [   0.],
       [   8.],
       [   1.],
       [ 101.],
       [   0.],
       [   3.],
       [   6.],
       [   1.],
       [ 109.],
       [   0.],
       [   1.],
       [   5.],
       [   0.],
       [ 124.],
       [   0.],
       [   0.],
       [   6.],
       [   0.],
       [ 115.],
       [   0.],
       [   2.]]), (2, 5): array([[   0.],
       [   1.],
       [   1.],
       [   2.],
       [ 130.],
       [   0.],
       [   0.],
       [   2.],
       [   1.],
       [ 129.],
       [   0.],
       [   1.],
       [   0.],
       [   1.],
       [ 109.],
       [   2.],
       [   0.],
       [   0.],
       [   1.],
       [ 109.],
       [   0.],
       [   2.],
       [   0.],
       [   2.],
       [ 107.]]), (0, 3): array([[ 18.],
       [ 22.],
       [ 27.],
       [ 28.],
       [ 28.],
       [ 27.],
       [ 22.],
       [ 26.],
       [ 21.],
       [ 25.],
       [ 26.],
       [ 22.],
       [ 21.],
       [ 30.],
       [ 21.],
       [ 20.],
       [ 28.],
       [ 21.],
       [ 28.],
       [ 25.],
       [ 27.],
       [ 19.],
       [ 22.],
       [ 22.],
       [ 24.]]), (5, 8): array([[   0.],
       [   0.],
       [   1.],
       [   1.],
       [   0.],
       [   0.],
       [   1.],
       [   2.],
       [   0.],
       [   1.],
       [   2.],
       [   0.],
       [   1.],
       [   0.],
       [   0.],
       [   0.],
       [   2.],
       [   3.],
       [   0.],
       [   2.],
       [ 123.],
       [ 127.],
       [ 113.],
       [ 112.],
       [ 109.]]), (1, 2): array([[ 23.],
       [ 24.],
       [ 20.],
       [ 24.],
       [ 20.],
       [ 35.],
       [ 33.],
       [ 23.],
       [ 14.],
       [ 28.],
       [ 25.],
       [ 27.],
       [ 27.],
       [ 17.],
       [ 11.],
       [ 31.],
       [ 19.],
       [ 20.],
       [ 32.],
       [ 26.],
       [ 20.],
       [ 29.],
       [ 21.],
       [ 25.],
       [ 26.]]), (4, 9): array([[ 28.],
       [ 21.],
       [ 23.],
       [ 17.],
       [ 22.],
       [ 18.],
       [ 26.],
       [ 29.],
       [ 26.],
       [ 23.],
       [ 35.],
       [ 26.],
       [ 19.],
       [ 14.],
       [ 25.],
       [ 17.],
       [ 24.],
       [ 35.],
       [ 24.],
       [ 23.],
       [ 25.],
       [ 16.],
       [ 33.],
       [ 18.],
       [ 33.]]), (2, 9): array([[ 20.],
       [ 24.],
       [ 33.],
       [ 30.],
       [ 27.],
       [ 33.],
       [ 21.],
       [ 33.],
       [ 20.],
       [ 25.],
       [ 28.],
       [ 25.],
       [ 16.],
       [ 15.],
       [ 27.],
       [ 24.],
       [ 21.],
       [ 24.],
       [ 18.],
       [ 25.],
       [ 18.],
       [ 22.],
       [ 33.],
       [ 16.],
       [ 22.]]), (1, 5): array([[   0.],
       [   0.],
       [   0.],
       [   0.],
       [ 111.],
       [   1.],
       [   0.],
       [   0.],
       [   0.],
       [ 132.],
       [   0.],
       [   2.],
       [   1.],
       [   2.],
       [ 102.],
       [   0.],
       [   1.],
       [   1.],
       [   3.],
       [ 123.],
       [   1.],
       [   1.],
       [   1.],
       [   2.],
       [ 116.]]), (3, 6): array([[ 20.],
       [ 22.],
       [ 33.],
       [ 23.],
       [ 20.],
       [ 24.],
       [ 17.],
       [ 29.],
       [ 23.],
       [ 20.],
       [ 22.],
       [  8.],
       [ 35.],
       [ 34.],
       [ 18.],
       [ 22.],
       [ 24.],
       [ 21.],
       [ 33.],
       [ 29.],
       [ 22.],
       [ 21.],
       [ 21.],
       [ 31.],
       [ 28.]]), (0, 4): array([[ 25.],
       [ 27.],
       [ 22.],
       [ 20.],
       [ 29.],
       [ 20.],
       [ 22.],
       [ 19.],
       [ 31.],
       [ 29.],
       [ 23.],
       [ 23.],
       [ 24.],
       [ 26.],
       [ 24.],
       [ 21.],
       [ 23.],
       [ 27.],
       [ 24.],
       [ 27.],
       [ 22.],
       [ 27.],
       [ 27.],
       [ 22.],
       [ 16.]]), (7, 9): array([[   6.],
       [   6.],
       [   7.],
       [   4.],
       [   9.],
       [   0.],
       [   1.],
       [   1.],
       [   0.],
       [   1.],
       [ 117.],
       [ 104.],
       [ 130.],
       [  93.],
       [ 115.],
       [   0.],
       [   0.],
       [   0.],
       [   0.],
       [   0.],
       [   0.],
       [   2.],
       [   1.],
       [   2.],
       [   1.]]), (2, 7): array([[   7.],
       [   0.],
       [ 124.],
       [   0.],
       [   3.],
       [  10.],
       [   0.],
       [ 121.],
       [   0.],
       [   1.],
       [   4.],
       [   0.],
       [ 107.],
       [   0.],
       [   0.],
       [   4.],
       [   2.],
       [ 105.],
       [   0.],
       [   1.],
       [   7.],
       [   1.],
       [ 102.],
       [   0.],
       [   1.]]), (2, 6): array([[ 31.],
       [ 23.],
       [ 30.],
       [ 32.],
       [ 18.],
       [ 24.],
       [ 22.],
       [ 23.],
       [ 34.],
       [ 29.],
       [ 17.],
       [ 13.],
       [ 29.],
       [ 33.],
       [ 19.],
       [ 19.],
       [ 16.],
       [ 26.],
       [ 25.],
       [ 26.],
       [ 19.],
       [ 18.],
       [ 31.],
       [ 20.],
       [ 23.]]), (4, 5): array([[   0.],
       [   0.],
       [   0.],
       [   3.],
       [ 108.],
       [   0.],
       [   0.],
       [   1.],
       [   1.],
       [ 120.],
       [   1.],
       [   0.],
       [   0.],
       [   1.],
       [ 117.],
       [   1.],
       [   2.],
       [   0.],
       [   1.],
       [ 119.],
       [   0.],
       [   2.],
       [   2.],
       [   1.],
       [ 120.]]), (1, 4): array([[ 21.],
       [ 23.],
       [ 22.],
       [ 23.],
       [ 22.],
       [ 21.],
       [ 22.],
       [ 30.],
       [ 30.],
       [ 30.],
       [ 21.],
       [ 25.],
       [ 18.],
       [ 18.],
       [ 25.],
       [ 29.],
       [ 25.],
       [ 22.],
       [ 27.],
       [ 25.],
       [ 19.],
       [ 27.],
       [ 27.],
       [ 25.],
       [ 23.]]), (3, 9): array([[ 23.],
       [ 27.],
       [ 27.],
       [ 19.],
       [ 22.],
       [ 28.],
       [ 23.],
       [ 28.],
       [ 14.],
       [ 20.],
       [ 18.],
       [ 18.],
       [ 22.],
       [ 27.],
       [ 32.],
       [ 25.],
       [ 26.],
       [ 34.],
       [ 19.],
       [ 25.],
       [ 29.],
       [ 19.],
       [ 28.],
       [ 20.],
       [ 27.]]), (2, 3): array([[ 22.],
       [ 29.],
       [ 22.],
       [ 28.],
       [ 33.],
       [ 22.],
       [ 27.],
       [ 29.],
       [ 27.],
       [ 27.],
       [ 29.],
       [ 21.],
       [ 24.],
       [ 16.],
       [ 21.],
       [ 21.],
       [ 18.],
       [ 20.],
       [ 29.],
       [ 24.],
       [ 24.],
       [ 18.],
       [ 22.],
       [ 29.],
       [ 18.]]), (1, 9): array([[ 23.],
       [ 20.],
       [ 28.],
       [ 20.],
       [ 20.],
       [ 30.],
       [ 29.],
       [ 26.],
       [ 21.],
       [ 27.],
       [ 19.],
       [ 22.],
       [ 29.],
       [ 17.],
       [ 20.],
       [ 21.],
       [ 20.],
       [ 29.],
       [ 25.],
       [ 33.],
       [ 30.],
       [ 22.],
       [ 27.],
       [ 16.],
       [ 26.]]), (6, 8): array([[ 21.],
       [ 20.],
       [ 26.],
       [ 18.],
       [ 25.],
       [ 19.],
       [ 26.],
       [ 12.],
       [ 24.],
       [ 11.],
       [ 27.],
       [ 27.],
       [ 25.],
       [ 29.],
       [ 31.],
       [ 31.],
       [ 36.],
       [ 33.],
       [ 26.],
       [ 18.],
       [ 27.],
       [ 21.],
       [ 24.],
       [ 16.],
       [ 27.]]), (6, 7): array([[   7.],
       [   0.],
       [ 102.],
       [   0.],
       [   1.],
       [   5.],
       [   0.],
       [  87.],
       [   0.],
       [   0.],
       [   6.],
       [   2.],
       [ 131.],
       [   0.],
       [   0.],
       [   9.],
       [   1.],
       [ 133.],
       [   0.],
       [   1.],
       [   5.],
       [   0.],
       [ 106.],
       [   0.],
       [   4.]]), (0, 8): array([[ 30.],
       [ 20.],
       [ 28.],
       [ 21.],
       [ 24.],
       [ 26.],
       [ 29.],
       [ 17.],
       [ 29.],
       [ 20.],
       [ 34.],
       [ 18.],
       [ 31.],
       [ 20.],
       [ 17.],
       [ 15.],
       [ 37.],
       [ 27.],
       [ 22.],
       [ 21.],
       [ 20.],
       [ 26.],
       [ 17.],
       [ 21.],
       [ 30.]]), (3, 5): array([[   1.],
       [   0.],
       [   1.],
       [   1.],
       [ 115.],
       [   0.],
       [   1.],
       [   1.],
       [   1.],
       [ 110.],
       [   1.],
       [   1.],
       [   1.],
       [   1.],
       [ 113.],
       [   0.],
       [   1.],
       [   0.],
       [   2.],
       [ 126.],
       [   0.],
       [   1.],
       [   0.],
       [   2.],
       [ 120.]]), (0, 1): array([[ 24.],
       [ 25.],
       [ 18.],
       [ 30.],
       [ 26.],
       [ 22.],
       [ 28.],
       [ 27.],
       [ 23.],
       [ 21.],
       [ 24.],
       [ 29.],
       [ 17.],
       [ 21.],
       [ 29.],
       [ 23.],
       [ 27.],
       [ 22.],
       [ 27.],
       [ 23.],
       [ 18.],
       [ 24.],
       [ 23.],
       [ 27.],
       [ 22.]]), (4, 6): array([[ 24.],
       [ 19.],
       [ 29.],
       [ 20.],
       [ 19.],
       [ 27.],
       [ 21.],
       [ 22.],
       [ 33.],
       [ 19.],
       [ 20.],
       [ 14.],
       [ 36.],
       [ 29.],
       [ 20.],
       [ 20.],
       [ 18.],
       [ 24.],
       [ 34.],
       [ 27.],
       [ 19.],
       [ 20.],
       [ 28.],
       [ 28.],
       [ 30.]]), (7, 8): array([[   6.],
       [   7.],
       [   8.],
       [   4.],
       [   7.],
       [   0.],
       [   0.],
       [   2.],
       [   1.],
       [   0.],
       [ 115.],
       [ 123.],
       [ 108.],
       [ 108.],
       [ 105.],
       [   0.],
       [   0.],
       [   0.],
       [   0.],
       [   0.],
       [   4.],
       [   0.],
       [   2.],
       [   0.],
       [   0.]]), (5, 7): array([[   0.],
       [   2.],
       [   0.],
       [   0.],
       [   0.],
       [   1.],
       [   1.],
       [   2.],
       [   0.],
       [   0.],
       [   1.],
       [   0.],
       [   0.],
       [   0.],
       [   2.],
       [   1.],
       [   0.],
       [   5.],
       [   0.],
       [   1.],
       [  29.],
       [   0.],
       [ 552.],
       [   0.],
       [   3.]]), (0, 2): array([[ 31.],
       [ 29.],
       [ 18.],
       [ 23.],
       [ 22.],
       [ 20.],
       [ 31.],
       [ 28.],
       [ 23.],
       [ 19.],
       [ 27.],
       [ 26.],
       [ 17.],
       [ 30.],
       [ 20.],
       [ 30.],
       [ 24.],
       [ 24.],
       [ 15.],
       [ 29.],
       [ 26.],
       [ 22.],
       [ 24.],
       [ 21.],
       [ 21.]]), (3, 8): array([[ 35.],
       [ 22.],
       [ 18.],
       [ 23.],
       [ 20.],
       [ 23.],
       [ 22.],
       [ 21.],
       [ 20.],
       [ 27.],
       [ 19.],
       [ 26.],
       [ 26.],
       [ 24.],
       [ 22.],
       [ 21.],
       [ 31.],
       [ 28.],
       [ 23.],
       [ 26.],
       [ 27.],
       [ 29.],
       [ 27.],
       [ 23.],
       [ 17.]]), (0, 6): array([[ 30.],
       [ 18.],
       [ 22.],
       [ 28.],
       [ 25.],
       [ 22.],
       [ 24.],
       [ 25.],
       [ 29.],
       [ 21.],
       [ 24.],
       [ 14.],
       [ 26.],
       [ 34.],
       [ 22.],
       [ 16.],
       [ 21.],
       [ 32.],
       [ 26.],
       [ 27.],
       [ 18.],
       [ 15.],
       [ 34.],
       [ 27.],
       [ 20.]]), (1, 8): array([[ 19.],
       [ 31.],
       [ 25.],
       [ 17.],
       [ 19.],
       [ 25.],
       [ 24.],
       [ 28.],
       [ 28.],
       [ 28.],
       [ 22.],
       [ 26.],
       [ 18.],
       [ 22.],
       [ 19.],
       [ 33.],
       [ 22.],
       [ 22.],
       [ 23.],
       [ 28.],
       [ 26.],
       [ 27.],
       [ 27.],
       [ 23.],
       [ 18.]]), (1, 7): array([[   4.],
       [   0.],
       [ 107.],
       [   0.],
       [   0.],
       [   6.],
       [   1.],
       [ 126.],
       [   0.],
       [   0.],
       [   6.],
       [   0.],
       [  99.],
       [   0.],
       [   2.],
       [   3.],
       [   1.],
       [ 121.],
       [   0.],
       [   3.],
       [  13.],
       [   1.],
       [ 106.],
       [   0.],
       [   1.]]), (0, 9): array([[ 24.],
       [ 19.],
       [ 34.],
       [ 21.],
       [ 25.],
       [ 28.],
       [ 26.],
       [ 20.],
       [ 24.],
       [ 23.],
       [ 22.],
       [ 23.],
       [ 27.],
       [ 22.],
       [ 26.],
       [ 27.],
       [ 24.],
       [ 31.],
       [ 17.],
       [ 23.],
       [ 22.],
       [ 21.],
       [ 27.],
       [ 15.],
       [ 29.]]), (0, 5): array([[   1.],
       [   1.],
       [   0.],
       [   0.],
       [ 121.],
       [   1.],
       [   0.],
       [   0.],
       [   2.],
       [ 118.],
       [   0.],
       [   2.],
       [   2.],
       [   0.],
       [ 116.],
       [   0.],
       [   1.],
       [   0.],
       [   2.],
       [ 119.],
       [   0.],
       [   0.],
       [   1.],
       [   3.],
       [ 110.]]), (3, 4): array([[ 22.],
       [ 30.],
       [ 21.],
       [ 19.],
       [ 26.],
       [ 22.],
       [ 19.],
       [ 27.],
       [ 22.],
       [ 23.],
       [ 26.],
       [ 25.],
       [ 20.],
       [ 26.],
       [ 20.],
       [ 25.],
       [ 20.],
       [ 23.],
       [ 37.],
       [ 24.],
       [ 16.],
       [ 28.],
       [ 28.],
       [ 19.],
       [ 32.]]), (2, 4): array([[ 30.],
       [ 22.],
       [ 22.],
       [ 29.],
       [ 31.],
       [ 17.],
       [ 27.],
       [ 38.],
       [ 20.],
       [ 30.],
       [ 22.],
       [ 26.],
       [ 23.],
       [ 18.],
       [ 22.],
       [ 22.],
       [ 21.],
       [ 17.],
       [ 29.],
       [ 23.],
       [ 20.],
       [ 26.],
       [ 19.],
       [ 27.],
       [ 19.]])}
>>>>>>>>>>>>>>>>>>>>>METHOD: structured
/home/walidch/mrf_project/MRFToolBox/mrftools/mrftools/Learner.py:119: FutureWarning: comparison to `None` will result in an elementwise object comparison in the future.
  if (self.tau_q == None or not self.fully_observed) and not (self.graft):
/home/walidch/mrf_project/MRFToolBox/mrftools/mrftools/Learner.py:133: FutureWarning: comparison to `None` will result in an elementwise object comparison in the future.
  if (self.tau_q == None or not self.fully_observed) and not (self.graft):
Traceback (most recent call last):
  File "spg_sanity_check.py", line 140, in <module>
    main()
  File "spg_sanity_check.py", line 102, in main
    learned_mn, final_active_set, suff_stats_list, recall, precision, f1_score, objec, is_early_stop = spg.learn_structure(edge_num, edges=edges)
  File "/home/walidch/mrf_project/MRFToolBox/mrftools/mrftools/StructuredPriorityGraft.py", line 257, in learn_structure
    weights_opt, tmp_metric_exec_time = self.aml_optimize.learn(tmp_weights_opt, self.max_iter_graft, self.edge_regularizers, self.node_regularizers, data_len, verbose=False, loss=objec, ss_test = self.sufficient_stats_test, search_space = self.search_space, len_data = data_len, bp = self.aml_optimize.belief_propagators[0], is_real_loss = self.is_real_loss)
  File "/home/walidch/mrf_project/MRFToolBox/mrftools/mrftools/Learner.py", line 163, in learn
    edge_ss = ss_test[edge]
KeyError: (5, 9)
